434075
577697
824745
447177
105714
864421
152676
981795
374939
430443
490933
990369
376412
695712
52358
840156
531858
524027
504227
831158
560742
497413
226399
402105
544924
264907
966337
28860
523823
63534
258930
205109
666057
182086
975918
119362
899540
402430
811853
489271
822673
469105
790973
67708
317498
678283
983109
476608
656399
62095
877965
192532
658405
904886
759067
527974
994187
791470
309934
260258
829208
390712
845431
642174
997454
926784
823347
520454
204667
445642
805158
695516
2655
490449
329910
433695
356428
750024
587719
133594
250546
779999
849345
62062
454422
139554
196269
928750
936759
680720
442264
832139
351873
904640
952778
404422
542469
283138
742695
77345
396106
574954
429255
601321
308655
694665
827520
479049
99309
939184
628049
573963
632868
385733
237621
508855
182501
324045
480822
72663
310024
28027
944651
482002
2265
983937
194211
85610
589776
803504
365858
607953
488222
956113
549916
69600
597554
144924
252128
329092
295326
505064
537811
830151
482878
976123
183320
416560
615574
23306
356004
599399
749418
192551
200476
275558
310250
559092
269403
666346
328513
949782
474912
134894
304456
469750
478057
509066
454902
172309
410913
249409
194137
137366
75406
80612
741568
967578
617421
580251
175501
667997
829235
962074
210057
398723
894749
77166
557053
454590
528420
997133
760284
740975
830244
228622
816137
756767
597762
985204
975275
760736
935620
734004
836213
700977
275981
244033
610208
909219
459537
874086
28039
903504
987757
126756
61761
661992
725191
427050
681516
43162
751117
849413
419694
433787
751982
17057
85561
813744
133594
141728
672873
689064
112954
453761
141215
269159
486123
244095
863149
860621
282287
480601
148774
242577
194277
372147
691449
292564
861039
434723
858765
341346
485284
863262
541957
529
502787
743434
817962
174789
734692
741021
938256
718553
381205
226262
216206
165650
797760
590222
791441
890506
706483
153760
656347
392066
583425
185064
319677
275112
936240
786505
839769
536606
170293
501714
79700
733397
633028
903760
356973
185461
53832
134693
102708
697133
67210
117101
884655
21682
863901
253676
534146
659925
981944
395954
986939
317433
316840
930466
409066
273315
815267
640552
41219
230944
240389
451536
834593
147004
53538
43178
363158
18762
714806
587668
450975
928664
599009
496259
248194
939239
926365
663632
512846
312226
555614
755771
589881
613242
553245
348077
428353
645234
383523
846798
632678
153062
554014
274094
542314
955383
75460
420967
194195
58511
127954
317400
269121
440918
59229
4874
702698
725737
9899
887837
380401
9197
206998
581423
331848
871611
475707
925459
444192
755267
998516
122584
702219
970798
42777
128100
611467
351210
446895
895862
554532
388925
680947
116952
975460
582652
477701
21649
908477
504236
631452
180731
398505
525154
278752
466737
898762
44539
689900
159199
376368
807954
895214
352696
12519
475182
972242
590421
749693
304007
785558
693758
392943
271413
167821
262223
922589
842892
883481
214925
803078
99672
447999
988246
662606
838177
788227
918472
673013
584807
697245
595739
66278
570645
19254
664609
227360
948215
207062
499457
983113
205449
138613
552730
462503
893008
689833
482417
35223
798756
941527
583192
960803
668195
397501
663971
21439
867876
138122
395650
696092
115200
478145
849675
321043
514183
338337
355771
106714
724653
997219
96276
961098
870009
867103
905155
880712
199904
740750
665557
284743
989909
242101
446684
758631
177526
35244
606479
196052
867485
623000
564764
116405
97345
568388
621681
820823
560487
732252
601055
31330
386471
719045
778128
307912
753405
268729
955945
272177
357467
167078
321953
124907
828715
46493
592454
459910
853426
381040
459881
55087
548432
233477
199716
872773
472807
109916
47127
661707
776389
820924
513113
42137
35326
320138
303565
480307
522317
188445
529178
266723
483154
139449
333724
941729
667900
478598
95716
437081
577796
517641
991808
806009
540700
540995
547876
493983
875484
287080
853390
707248
3043
978968
38041
988314
358968
425712
560304
327813
651703
803870
629062
580362
101452
523636
95621
569351
220377
803346
548333
595724
580935
547533
871528
853150
164291
289442
899989
698319
628408
397263
527569
378193
717605
440277
315130
841793
64716
497341
608841
839971
843742
467506
316161
744572
239242
494335
312102
916891
702069
480059
19392
763241
591306
762725
219139
46673
65787
791125
978982
323464
465907
655719
989555
405439
116971
977927
701058
871628
523882
983134
617492
205495
266689
785395
38997
924548
880301
205594
889546
348576
364529
639262
872373
226458
590281
701412
451069
534272
556548
589106
199129
688795
999041
319445
678270
184375
996621
189476
777791
417497
18899
865331
17690
995561
906834
209861
847903
995273
512788
25701
369926
591735
122236
514661
515847
840005
515010
936832
562584
5509
857125
483330
792173
832868
836334
10407
36375
453790
79160
883557
121795
100107
714097
68858
552463
874654
156338
600849
880281
679672
158972
137935
311428
464548
875301
382891
598358
405777
296154
557394
341392
242390
899314
722705
282944
617345
532747
367306
826357
782539
639827
531856
284899
87882
55920
785936
808633
115920
207445
349407
237639
423754
302227
455592
861111
327742
344800
282788
494039
340925
953838
420187
205533
350381
178612
119626
602552
76326
409983
924051
376586
470625
118292
647493
386288
78700
674230
657876
969107
168684
372307
969056
603747
630092
750566
533417
433619
156146
244749
775361
246773
776218
747902
590180
412951
649550
193725
376273
9578
669105
930657
656068
100004
270906
450926
475752
651073
879617
134648
59475
232150
598661
458843
618510
783577
106796
388327
722161
481422
655964
840305
76638
671272
212160
516284
603288
860474
325812
115897
801363
315580
497433
545944
29464
237761
707051
227182
692941
410272
846531
835053
925953
394920
446575
55369
291272
780440
190806
990912
666690
456427
480544
971572
96601
536249
699539
821347
817970
886308
71813
188220
64563
205465
391683
414106
469770
180714
140005
995737
506486
159908
411481
582760
48472
266287
2715
179598
957446
449005
19792
460599
504908
49529
249963
86528
692745
446164
931055
690499
924780
3437
52501
63956
415467
294198
383970
928760
478383
132978
83005
808289
11840
150500
159868
339845
826004
73021
498671
25992
701008
234248
178948
502957
873073
650706
729807
574353
218638
773282
824927
976372
310708
757339
16982
825683
407730
71608
436820
988831
890008
491906
744718
765056
410064
854071
643564
924824
748939
881687
64883
555288
73047
588018
48588
131466
310081
43573
880007
191918
949907
747252
555679
614482
368405
413479
168432
14063
849384
385555
789533
273306
776193
371993
822198
595327
640482
24057
534013
515338
210921
189211
89510
826365
11268
125259
967704
467572
309521
461778
296242
289879
276569
221850
767903
709367
833454
45253
281980
298644
107590
867274
148127
449766
28977
187916
77933
656722
823603
401478
801555
343757
875188
310570
28079
915431
42376
794943
794791
294230
21126
653803
453118
925948
623043
678539
456395
316826
735745
896098
154497
91918
934538
853781
640368
302255
781907
894831
906619
209453
57647
477895
784338
970589
382843
361756
100464
515374
91388
754544
3196
413004
192857
302696
474868
852941
164991
894789
440292
818608
728559
999843
951192
459249
874719
966868
96246
355081
519662
887533
980400
702682
374040
914384
800360
340677
866949
691658
236013
551784
356117
725167
963470
468879
469384
542135
709547
977077
154636
983572
564997
399390
818687
253692
668106
384366
595158
639351
732017
245827
643420
693841
380868
752165
9266
197589
714535
787834
969834
903803
690710
449489
612128
214518
142745
631238
464589
528875
396585
951204
596134
431512
679647
724389
291784
859701
111059
371255
612571
72365
690874
450486
236462
889206
613854
30427
135939
550255
172152
891461
184485
187733
762080
709089
173807
713387
837358
72640
97853
808578
577566
701381
135109
697489
18307
974731
150291
859870
383918
697211
411705
403843
327526
631672
414390
439696
283323
652908
543598
674601
451093
335297
172475
774541
503697
147569
5730
663179
217218
914568
820007
171210
202738
570841
124806
302012
294431
770399
691216
588386
51734
233008
564016
176326
152719
272860
46821
624129
469715
457980
631380
324618
162459
249026
617270
87074
679925
977930
820423
505572
289445
64436
363054
785351
403779
443427
125004
892231
867331
124556
554181
525827
954293
134444
6985
966253
698114
330193
885720
269130
257794
286533
225412
450483
557855
527881
711706
196821
805400
883255
605124
309771
980575
810588
409863
547255
675754
81051
237440
226991
703766
568937
210789
315120
567997
864481
194126
693489
897610
798203
192475
879817
599234
795828
796739
856303
362245
273116
39843
877561
943476
97587
193449
598267
3693
104161
419106
498928
210080
968232
390572
402696
805681
662545
568205
756980
52871
643103
808019
673907
401804
733752
32737
680420
237907
899725
710806
484954
37130
644256
462054
8096
589449
351458
837154
206162
918531
454673
573765
419057
312659
618913
964996
670128
65678
456026
324727
191172
380016
646564
744503
988558
290652
628792
519968
332823
263947
550578
988102
211338
731906
608747
741812
543125
306448
502049
784388
366992
271749
212789
844610
514314
199694
329649
116208
82505
354105
336949
268979
506320
674086
369751
941380
438000
903984
275868
907062
357301
397435
412952
960381
184490
47353
168831
656991
468650
891385
737576
553156
606666
331128
331458
394087
89461
38273
941703
399826
932033
114203
192026
370081
596754
239233
285528
214814
424456
757334
993926
200171
46548
324610
145509
496564
648725
915990
871690
647191
666649
537342
898884
924988
831935
467611
976046
470233
451550
588550
395372
607507
995500
17247
383354
994542
536739
871573
585036
532887
701871
550584
755777
375553
152600
486335
299305
628684
32620
584876
585399
54863
568139
49521
781197
154653
118796
142204
809645
778358
641220
182174
786620
235109
950601
375612
544250
360278
899288
260019
660816
576462
68471
726094
996079
771176
28779
573692
411006
676638
640440
157066
966856
960280
900716
364759
582833
304196
82814
906446
422728
672309
26130
317444
180572
637310
560386
32961
981963
205296
767821
959361
207315
261997
167385
121673
833458
163597
569228
482904
149704
797540
610741
188145
622105
845730
339298
11083
361067
556608
507422
393062
110622
745402
430073
869141
316681
367201
44059
368492
329728
574392
461970
154316
813781
950198
57855
925443
823424
59617
758770
332382
165875
784366
175051
122562
759854
772513
494036
187234
415297
388975
416528
196721
628375
539394
352595
290161
753115
978957
319396
534780
772971
627834
5801
823262
298245
495161
73187
135510
340412
500365
887060
615787
151416
605301
537564
1190
384040
617938
51949
193928
463392
275261
101682
83901
28487
20886
104750
263607
43095
299328
252117
943905
141556
726452
898279
286011
695322
426618
972868
682740
958080
353268
710877
661011
251964
156518
695100
804975
782402
1223
243967
662188
620397
569289
604409
817765
689639
766684
907924
961120
49292
911783
989826
946720
449665
837787
556372
150849
609411
571397
977359
297746
122634
658708
764510
400816
843918
422019
940752
793126
840856
97533
16628
607733
681495
245461
738080
94453
402512
667439
654007
157211
305213
329087
783702
990652
320107
667387
146295
766068
783652
645901
675473
915804
491659
998854
842377
284847
315322
576140
217881
785912
505089
795369
961969
203039
619893
653657
691299
484578
555588
589204
880190
819420
942257
289645
429072
917140
309428
415722
143364
567596
102047
8843
280683
748385
727796
332142
292690
154424
879814
251145
360408
393538
773641
842530
362829
223734
411510
345889
26734
421093
98905
175940
862879
251867
898115
732313
147635
520338
517824
202763
850311
210241
615815
414305
841632
32144
629188
805417
929191
364793
126736
776823
11126
469253
56495
34629
857070
26025
522845
717178
752843
822902
109383
109117
252280
568755
883980
749951
153511
916141
682034
154145
857891
535815
860938
337383
51289
75137
143574
534500
428030
745861
8529
199504
733788
143998
944434
4641
599071
529039
294539
274439
31390
757439
154595
406564
922614
486974
463270
28727
488070
763168
32849
533972
314408
736588
428765
57589
574737
773051
108980
552830
482422
348833
237311
173292
283487
336623
588069
140864
51542
239105
408509
982028
547324
121413
804113
342951
717482
274771
380638
866176
338201
43370
839612
698652
278802
392172
649577
9754
881607
716184
723517
985910
672553
418540
858656
487412
992859
772017
814872
301574
42727
326534
200517
68955
645818
664739
362173
800687
757066
610159
693935
237119
61169
92956
387623
540702
546044
417718
414377
538778
382820
38257
671737
710449
887369
350338
427360
389635
576613
909698
543915
918235
902801
891518
95021
589466
865247
624266
696858
877361
807862
747327
170879
494128
550636
34088
82372
347304
300771
678792
72065
837072
717964
17403
268648
330277
705463
182492
687642
60509
567476
160776
800106
609837
196485
463072
691323
83739
208656
785890
855460
876446
724066
362146
748892
808867
11273
589288
614170
564464
749486
337247
121542
696423
424631
66593
10745
675552
286864
235169
376592
524937
800631
541203
961821
189083
595805
606725
542274
231396
813524
335334
833896
432587
707271
782213
58144
475799
378778
771431
909727
303545
712166
376506
674104
646544
797172
249117
786144
296153
404639
893894
447214
87252
111978
960395
538713
119450
983224
487296
94838
199955
249454
609379
145475
394363
56374
788798
44584
418691
278972
967210
714047
460945
436028
37202
762683
592113
320971
814784
478400
269295
328648
687869
133173
105541
589322
446526
926730
255245
271921
502236
178270
202298
676601
544842
491828
837783
197376
645527
270419
848942
954889
514219
12437
495432
800121
344852
318277
747862
903137
526813
951648
58244
473217
999066
415001
547779
266384
321032
405258
501128
810633
608710
665123
186955
73098
304827
936504
708631
130271
420162
66990
813459
672691
393674
947674
736307
832974
635068
566679
17544
958898
717765
933409
859081
770675
529631
406302
53563
706162
32536
341759
683753
554165
468324
93891
186626
9179
247940
175814
642627
549132
261458
551482
680812
304850
707105
686717
508420
904652
755218
534284
564678
636072
43893
481800
220037
753248
687660
488155
769205
145898
63375
436157
763984
296198
620627
179334
777277
357284
911415
124097
717349
843967
875836
971139
743955
466432
463030
62822
830495
904334
435665
608783
196959
870170
639958
764018
532288
88899
677010
44940
753792
209241
283588
916630
408713
14047
260047
786552
844168
451606
591469
250505
469723
932145
139337
654834
917998
210572
568393
504001
900464
556972
630392
603940
33593
249244
927236
223118
494799
793846
571252
800339
58664
451303
148438
125553
702762
12870
732773
805636
815419
239768
459707
711860
187641
486212
590543
878531
794681
371783
551700
394581
728044
760988
339694
307987
777976
450192
163149
657854
611111
329519
40598
27963
497135
240205
821214
491484
311538
215274
187788
849708
511738
851249
134668
734114
726357
512922
780379
564866
919275
793320
538161
303825
915090
880270
160449
462256
25124
406067
111012
821116
732708
297238
432384
733393
120284
512065
578735
492609
621544
156330
149498
743930
670162
738199
790461
645222
62856
395991
850246
165912
637554
91709
523272
709888
450317
646191
131726
345071
299556
726896
642915
791929
933628
272722
425544
882500
182801
340325
796172
649231
538525
862027
870406
727345
548465
606997
748702
45477
591819
384572
58257
823767
882638
439514
879394
921020
289164
133733
530455
573439
771361
682861
871215
844638
535258
771503
3746
246124
825935
673376
232406
767048
405522
386919
997681
791524
778669
629455
943908
732643
211415
267655
479939
256023
235894
20679
676375
572539
442006
217840
922952
96539
173579
110921
873264
412674
764723
109906
818073
809708
298490
809773
285673
545052
758042
929351
750203
262852
461546
698423
54793
331168
27710
202712
296215
906083
839941
951737
367701
774750
611698
353055
940630
134487
297977
247798
595941
992681
331960
847575
186647
846806
556306
546853
874220
423818
550581
498165
62157
393355
50488
919086
112292
660017
860980
404598
349752
831125
885415
593040
974911
964352
256084
574816
860397
156443
533803
67974
768881
152835
792423
234621
906520
956998
756606
299201
312046
28232
589980
876084
849984
529208
244523
69327
171330
354194
666984
118193
562734
516191
520043
576786
995990
146552
941111
843126
411816
408005
203900
749
889690
805095
434509
329339
502995
713756
191079
154500
93922
109195
269944
993577
945074
104658
826435
954828
429708
589181
587299
305508
547783
902178
232999
444010
244255
632554
901523
731528
646607
20995
931514
965390
63967
245817
348892
457738
290772
628230
931140
767812
618789
714318
749721
899028
635684
478879
453911
728601
148384
39535
584520
601868
358629
720025
318942
780378
900755
572829
821157
670898
962197
852133
459715
969909
74614
457665
550930
982976
788011
655601
324272
210186
335194
68509
651408
32975
75723
54093
315815
331870
621703
911036
946320
225365
649073
653205
783275
736586
388410
407473
829156
476687
435265
436731
613873
862488
754285
31819
22520
962303
136282
474342
52544
915232
654383
279723
832203
204991
897772
459850
264424
875327
811673
425896
275950
41415
814347
654472
700544
17367
122379
875169
29239
258500
578973
468907
338579
465133
951516
153197
765170
774715
447807
376183
596176
170350
554548
320589
986768
796575
250209
915092
306817
904922
143565
955667
13168
905560
575421
718258
121669
681584
790287
303507
923813
362928
449327
346737
995548
295034
889564
715695
51531
84047
811394
571883
885873
185264
217171
618303
910831
743622
118428
481618
709886
681021
618979
870832
310182
217103
827848
401190
345622
609153
608203
847454
279387
819832
746112
79648
113042
958149
1201
134434
809394
945524
966111
794109
157309
453243
188116
185142
816840
969633
705533
462222
367199
464583
708708
808938
941100
194592
519997
25796
989033
593374
626210
478066
938838
774555
618146
462879
502873
350635
865805
261525
610346
445919
280973
510035
699563
655505
479328
934111
317578
755900
208421
858729
783997
480388
678890
860588
65569
160177
36112
95596
685716
444094
132922
920747
367598
511198
819231
604728
918003
298385
983166
905276
710811
470748
977449
165216
812560
66607
703769
470263
667491
640029
375306
25203
483258
566831
623710
312174
606946
704732
79447
149204
178794
691613
569025
216163
139237
151176
887124
120892
630199
114271
144526
4483
650813
609096
64617
954016
263914
603253
613571
404447
639794
252794
965895
60312
706983
92417
932084
26153
327175
47182
796305
783705
778688
613847
291539
427753
985792
730462
557317
386267
958420
103510
61863
987303
756541
64882
106387
583188
456519
208270
685167
284852
670561
587457
633096
66314
660450
905901
777467
342422
433206
645775
234587
372021
373779
18918
751230
162589
438914
48503
744741
740197
773857
448889
846810
134421
11911
962543
463803
33453
3365
818375
337972
125632
440216
528458
251498
787738
367791
854703
565583
995183
473263
436276
34814
331332
176698
72607
981398
820374
641564
937298
856166
491427
117291
923278
21001
511352
942548
959814
678077
864496
167534
767718
6794
591468
308537
238436
409151
982223
89647
457913
130083
746085
559336
563713
107136
491672
438074
108374
743247
947609
406010
348899
24176
379906
748983
18280
385611
902438
32455
798597
905962
742984
500604
919898
55728
486446
157390
339996
141939
894756
915952
715625
539004
269396
302524
22511
845874
534606
874891
631949
418180
397851
467485
662432
33574
889648
241827
107569
452556
704587
521166
240169
160471
467856
607955
14454
258363
938884
848207
778067
832398
896138
978516
947262
184404
249956
418496
758780
637612
319126
949301
313235
586447
176375
41257
560144
273616
255780
263936
875282
873641
12829
736530
417470
902008
437445
111874
45281
162920
57235
361533
315368
589805
549260
715288
126149
663242
586557
744216
63345
260880
648069
670857
274002
530817
448450
171543
149545
144011
833360
635174
660997
535623
177305
614104
575979
40541
174891
366652
609246
105006
779371
332658
755915
278565
528561
660573
897031
571841
997070
442172
278066
700384
239723
956027
794669
127320
551318
636391
541140
878458
442403
18437
772491
599329
623852
460463
670564
672300
655826
813367
767203
543840
271652
936842
662219
762514
35496
131609
556283
493398
141453
342292
575850
265091
525294
969577
877435
434354
254849
77541
210997
709046
104534
593203
257117
431441
633339
498276
603991
405708
311402
641887
105701
345550
175051
406137
973869
463482
505264
322159
304728
906013
183770
418291
526954
78822
781510
666003
225454
990218
862661
948214
928317
976661
150322
192032
811554
183211
289785
183553
690292
654767
45358
468293
592941
855127
536831
171267
41271
187027
746203
2231
907321
99564
460064
593766
874192
910790
714941
418252
964093
829251
443002
425789
80056
666849
688235
783876
832494
498584
61397
663283
129035
982221
961794
904471
518594
537457
654747
78737
99224
674069
22640
275835
534386
275319
605854
683702
862387
391121
973095
650298
829406
768662
302396
820464
93179
968788
795399
350300
475834
816158
789947
221099
783447
166909
893452
960789
783752
66563
138374
968184
599638
913577
555258
530432
453305
741725
523694
260416
21326
798122
232596
313772
199654
412884
471344
465226
221533
1400
74779
650264
699083
961193
308213
48047
107346
235296
977250
316389
830571
902583
278664
565342
978626
310910
823916
686695
405786
26750
757063
873281
972582
626604
151684
928208
389407
184013
842016
282515
350610
384982
113001
463529
303607
983845
319967
189378
95203
677280
123851
861780
2070
40492
397848
288381
893747
570746
342741
219022
934030
412454
746779
168271
191340
647663
937705
351597
787497
944058
811129
455188
365749
387445
177649
729670
168664
929518
307406
635978
100876
911785
579497
484083
277885
344978
482488
212927
170372
695263
612470
382768
93708
388198
763800
831022
495134
99045
263108
371861
623058
17117
640978
381610
442479
722880
69059
511930
124069
998551
755459
313212
902925
397194
287087
404493
663684
874502
804289
162704
975580
46255
415212
69637
691423
577031
871908
882030
330103
738250
189223
736214
498866
792570
526447
27681
373571
98289
827421
346037
670903
295337
927132
579309
264205
620204
986149
848174
694953
595256
130919
449828
73471
631531
658566
997728
419634
588194
451097
760217
667983
415715
75676
555383
231276
499577
23971
449141
368797
519698
158458
769745
630615
250739
216637
220061
653278
132013
279989
718568
943326
684774
268219
6918
686771
788010
406634
636318
484011
671664
356836
706735
114866
362757
603147
608898
92634
794126
877227
796354
936078
787577
781963
30654
442288
353329
626412
255853
914370
609265
172733
154880
208822
48830
727423
258397
740597
488860
455990
133686
875344
940140
566126
267024
936651
792681
893571
364996
975226
940152
775284
828356
820013
304210
779350
355114
259172
837736
492158
206317
426962
373882
854192
641594
822750
679242
717180
614656
488180
979247
88950
962180
320533
49828
81672
240463
883194
53601
932431
247543
196383
314123
690182
365460
360910
500349
44165
686518
384148
488057
882819
36334
645797
320000
970179
6599
676755
64809
425210
849925
786794
206023
223319
88280
213666
522559
352160
454597
992365
591957
685909
732574
275475
566661
831501
841482
328577
442424
335544
143727
530053
724742
214649
241030
649613
169554
933954
464709
977648
444430
896045
574085
769377
45388
6043
668374
195350
627538
376937
369170
529081
843029
761074
882356
271461
82065
879654
678609
513573
936459
835739
743701
939320
42731
627163
36921
786326
960917
382485
142311
944443
214958
634844
780420
825765
129837
892922
766653
953619
962788
533200
620006
847386
518144
748789
96733
186829
341275
466084
688456
956235
775815
634015
984805
174528
381012
476858
668900
751127
520598
756810
836296
758160
235722
344510
169936
905408
634902
290625
532439
610546
321975
445080
128564
777866
73154
430377
491120
157234
173209
486733
475254
506636
731606
767532
379565
761793
511359
147715
487169
315439
886406
96254
603381
292790
598986
8876
576706
191921
679516
142119
170165
954350
832425
11701
749220
464505
654853
410736
28966
69735
40002
706275
824485
178600
609161
263763
491221
92020
52515
867663
418780
704578
268231
819916
929846
945622
666843
320914
447747
288533
738075
727500
295225
209173
687489
285173
215577
925244
107939
256415
176941
588035
74869
834128
167189
846621
777512
24524
504001
237549
839998
440567
166864
906497
499512
599040
146423
405270
693413
966607
738455
767259
352600
571149
386995
182656
683933
264351
861606
280676
656825
770905
11351
354013
884761
744814
363773
147529
882370
511655
149573
187194
695295
806641
57056
109423
615653
512274
176799
968039
922230
865963
683122
98537
525357
715733
984373
584208
102206
826150
19507
285022
1944
226610
808164
549083
250387
131740
701751
