24021
123119
254554
913159
793543
716491
60576
986713
168519
170847
23047
65924
431824
321698
396834
279236
143453
89499
41683
152498
175645
391091
764271
621697
496103
807415
711082
111691
970705
458760
929238
175727
671150
472363
727725
302284
280105
644831
502256
132107
225407
698233
327250
615334
546541
202594
637499
133288
715149
864082
826162
397276
478414
60463
400516
493926
838496
351853
218699
920980
635601
673162
731972
851105
120091
731334
237886
67042
541698
682030
442629
49714
98958
895636
129069
766573
845546
876465
986976
309890
833598
685228
877241
414719
813916
694995
406973
548054
596305
156318
676156
621504
576021
836537
935295
355813
505034
648370
807670
704746
338148
531455
604291
920311
830869
411913
786202
673643
821292
383214
948599
395479
79590
538095
62275
500139
72615
154394
2013
847447
639687
218026
761882
686083
317461
666088
248154
302954
727793
767862
386765
613398
123767
499103
325081
863206
906134
774792
232597
578307
393979
696024
534541
547978
51609
646247
160794
65563
204673
268282
165031
589308
900663
164017
712955
609508
427667
818017
470761
198702
636051
720315
441287
630577
817553
517584
360942
986974
382647
808708
12184
445385
332
830272
185661
433344
328622
192509
923916
342888
456716
365364
313629
266128
457591
431490
692968
214169
767558
444053
450447
497611
682278
753397
753609
416027
249252
907092
808479
276252
935730
412924
221012
751712
210353
572645
876344
71823
126142
12012
562325
958868
238088
521644
824707
121995
349066
485268
724598
266331
960876
981950
998506
145614
90910
990088
707176
64916
315243
28516
405298
657974
100076
441463
777504
309084
511914
44700
793544
915533
233693
699312
672956
56784
671705
455141
580615
662527
308956
971516
204537
794802
171667
265238
506054
419701
704767
394766
971058
460238
576455
495151
269262
725230
201769
62979
498512
502885
498688
585969
60573
120432
816503
211045
381274
869818
668668
455308
998656
639049
973106
284004
912185
786939
167913
790479
35479
821613
892359
651115
794115
966758
343041
627766
268592
109184
151256
341269
655623
659969
959952
116368
384544
816835
190152
112605
866665
301385
6090
543606
202374
362777
607314
143801
403160
401469
936568
868672
537538
135839
900476
335663
64981
676984
798470
615809
265013
198962
550347
395815
28108
622353
794140
109770
895184
966750
842586
498093
767700
904123
485563
167618
462957
201317
759031
97905
67943
545320
508924
563154
601388
210279
797424
523183
123233
705547
317977
993922
331796
961336
860405
713392
414592
622084
181301
147963
949249
735212
162231
667975
875511
335915
303087
994637
354180
309855
661120
763414
308634
951438
200245
2206
779717
637137
884730
175589
660002
209705
11832
781339
780519
378549
5427
956082
197116
472580
197350
125659
283787
643784
849568
494052
708651
88565
612323
260725
940135
472548
345616
618786
595567
886274
25583
47241
815710
583496
65450
294863
189823
156335
901388
230056
396309
797991
327790
923220
419282
435945
158564
844914
192824
253042
348816
546266
301461
234266
55318
185866
205602
472187
541658
77524
88208
481327
575510
588950
259831
354455
662116
949593
380403
86433
576206
764310
379339
196444
936314
997352
715083
462142
220257
491362
907822
882301
357504
875953
941870
297466
461778
915051
325735
119734
229183
784458
130940
538560
889100
541956
548655
156509
954631
63224
664056
905563
305718
648201
411583
217446
372034
85880
343654
528876
566373
213287
816534
535408
786779
944598
382017
234861
360711
247296
60490
129818
480445
813558
619753
166579
476362
446504
932673
266645
627836
475557
832104
669705
344910
645639
600685
114032
820065
389924
372384
817783
167521
736925
458434
90457
343822
653736
997481
934141
130810
127168
165917
86062
571901
857071
33529
627857
279506
711073
211818
896148
318170
530366
313832
94502
860234
327088
507971
870819
361467
791200
488264
195239
114431
900481
363548
107200
611358
206666
715984
88434
3976
206238
554695
624823
662226
599031
407085
609805
443790
937436
256651
523096
214718
471839
837361
753339
777430
155103
345949
563873
251
807552
33568
330422
365672
219240
519308
169326
72925
387812
451266
792704
376971
556631
287997
255027
4461
845127
312692
732872
830792
427827
599001
797831
80948
133795
16944
908282
801663
555669
15598
805261
246296
112904
806641
109471
316881
790545
761678
37063
222295
188833
917405
961106
38141
667754
28942
956509
573847
257555
213960
481862
611086
241704
566029
655315
950822
323220
369610
905364
714242
812565
970964
774025
175561
229925
903371
94411
820761
713908
227965
660902
525473
293726
177254
872429
57374
623261
982973
143903
613154
295185
900099
617449
833694
618358
266645
345720
405688
665663
722448
773127
499108
92833
314622
900271
668406
228005
187788
83196
245829
428444
672861
626299
477024
36368
80794
366083
913187
726974
796350
722019
190541
601691
460216
487015
78730
492859
67239
573472
710274
73373
727296
909910
648403
223659
108654
643541
703549
539126
420927
975263
709729
395700
237266
655837
230294
430258
539817
201963
111132
926924
614890
138730
326462
495287
581113
241006
336200
114732
753160
741797
42632
976626
288017
427835
93999
382506
361262
174977
674531
345263
86520
144355
588507
158233
394403
616989
488814
312387
109568
53026
689019
32601
906262
924039
309791
530931
8494
218211
185522
498677
445457
46173
982812
406910
926217
400973
797663
117880
576245
458123
481688
770682
410808
216162
803747
761402
212214
896866
749614
611158
336643
39140
906736
620027
33825
756079
225941
909447
697576
758796
424655
541756
670017
364351
499726
700909
79248
977253
165789
901356
14870
286290
503214
566675
954402
803241
375637
991466
484745
674023
897292
840360
308766
68370
498610
526632
169886
61639
941847
912173
110291
992122
314050
504836
655717
111701
543444
917856
214406
23052
674158
46268
941060
163955
233239
519909
745883
989601
12328
112240
460080
342289
257697
238943
930054
885943
977520
450172
935803
88185
544851
918910
964106
359709
242266
248711
983979
460337
632211
362010
695740
105789
734235
43011
899598
385420
184238
303126
175651
482546
746077
616009
502228
516830
199904
144699
43817
322271
289113
553022
488106
159942
33468
464787
241464
500283
789232
886044
994440
120990
212121
620088
248773
992894
634844
435111
649862
23649
378032
647529
226609
956397
975204
730353
545526
567191
856715
712479
705492
388013
310067
897818
474857
516402
457468
571374
38756
285373
639836
913177
773560
988832
593642
830241
841683
656963
502282
768896
843726
713570
553266
196565
10438
438344
519010
948670
693465
881933
877193
455869
555806
490282
325648
162997
439806
294075
898875
283236
150143
413563
979889
844710
180179
769315
505720
800786
161700
814256
233615
473924
122964
710327
575490
966856
88547
610609
634831
537557
854488
950657
308463
859118
342936
974649
681993
162969
902088
50992
794614
349184
265417
246771
473647
524755
557334
158415
304615
991348
564036
569565
396618
918261
171352
391106
822731
37143
89132
537505
293075
933494
697601
740794
507718
472827
909206
791716
593884
42113
449373
980344
89754
643175
255170
44064
577584
695151
887053
776932
92716
833416
542640
799894
57008
321608
783223
51714
345391
534560
574684
70926
151562
284699
934936
122847
349967
327343
100752
500033
96480
435727
374238
186083
634925
379309
285318
476918
103799
135915
879659
598473
290545
540984
768370
886611
426146
571921
431009
14715
973700
406870
834066
199249
476194
851712
701437
22142
381350
428205
612900
133576
305888
515364
788411
112173
964210
924168
143291
334546
848079
569957
686433
499178
911547
473878
936726
58496
969166
924513
260805
486267
816146
414696
499374
496451
60484
979100
754237
983486
805248
487356
698392
362580
218031
742614
807111
219093
355377
686089
742190
527629
618430
810483
998543
931619
945220
126269
644675
113759
960706
70719
774484
782117
59142
452775
208296
190523
203831
327053
824415
682580
938032
209927
462475
34019
456310
572025
660893
47406
31964
829073
788610
968770
473707
288974
892046
214872
456425
226454
416192
847712
866214
59136
918598
147623
773532
726798
567672
948477
932861
352577
650855
561046
794202
670858
993500
978857
271414
234774
75305
826854
792719
851712
581996
481804
568868
510793
965396
987976
72228
988599
589286
25218
601977
584111
320306
737718
699678
474711
889002
387551
964951
282805
55694
447436
41617
202575
426017
476499
996964
460583
109628
97810
885141
69565
565451
446993
909882
108386
355412
327296
126492
142579
447244
458849
114519
905344
993997
339591
92920
843768
46445
279382
595828
39707
218156
43154
42823
169533
476305
865063
58944
39828
665349
618977
389706
491104
785139
258403
710993
972272
894886
663810
743772
470274
445093
237828
327324
238561
345945
880137
851140
799669
136372
477312
844239
593016
60355
575976
969839
751911
767458
124736
380657
147232
366374
915065
810715
55266
685591
827469
930779
578430
495447
637122
243294
846554
463531
948795
514214
153195
582149
510423
207576
503144
392575
21463
590082
302527
953033
996870
123605
440342
378666
632424
324233
579934
955187
265428
414248
236306
333326
90732
290935
662279
475051
305203
579943
913314
53956
495429
444180
742706
49075
202925
247100
127032
946068
416642
65743
215610
13941
236240
762092
296597
333164
685683
411651
35916
843102
419545
526379
221486
416709
622501
40732
570579
646895
407686
77213
450092
364027
305411
33764
835845
459562
430914
177824
834838
278992
242737
509550
441532
106435
455386
998933
82749
647337
171975
850477
618763
329917
375614
25117
501256
742381
21455
468573
642357
204739
824967
43187
313383
148728
836776
200635
292055
479364
23815
842941
231699
529554
385420
879031
307342
682026
776895
70525
605644
182283
240370
970966
316124
888264
352570
632533
633485
499863
231514
312272
254862
964445
633792
704853
426249
985882
362201
186861
942583
415044
457209
539539
108580
664012
115111
254259
989596
33376
192664
983791
743391
245691
507962
695927
375861
781414
436228
24143
100992
687693
147519
787592
182212
947987
155462
430970
592803
830117
587298
933546
320693
351897
232988
561380
422614
936259
156370
636463
161641
318489
416390
868322
760117
885791
61596
45960
33852
493020
979435
451374
556945
147206
949866
147414
265679
364922
697732
671789
652582
357939
937001
970661
934227
9855
691284
232190
148159
120621
219782
774353
320450
557551
913135
692047
564748
644967
919128
665020
214616
20664
755348
362857
103817
461364
80679
967831
133802
783000
23038
69457
562331
625926
573239
619207
933395
361169
874989
686964
576595
868265
696776
26835
807980
371930
322765
799552
59621
520255
870862
304184
81282
715931
236381
311042
542460
517734
614965
304643
759932
212744
671101
196717
743624
456950
261441
452880
599775
714066
861726
648756
866224
72426
198442
569612
897078
723172
239417
807085
446949
651827
100976
59320
851003
524781
868149
1703
274203
520177
972127
498969
129095
924962
518876
393753
501116
127537
882185
317169
129858
884349
888958
688670
181598
905136
126738
981818
535004
390343
351639
37207
892425
417998
457885
845681
365312
188486
971395
609088
147263
463029
6758
126342
432539
623137
78440
202644
396659
405862
869996
836996
232910
904682
436214
387719
675399
139976
286939
754688
111204
659287
450131
510232
633283
276577
599668
814019
121396
289082
454333
764029
849027
903166
486092
902705
117726
435262
622919
58712
252091
464291
795849
928415
129064
645892
264139
189065
452965
677401
264013
84734
218792
283039
302816
554768
296539
922530
249169
260838
495635
363318
407116
454389
947317
843373
248602
202143
312945
81247
704592
732511
374784
641643
288674
806527
756942
805665
275615
37040
577411
960551
278467
86755
210486
411548
423242
811920
225630
635270
424548
546693
683713
366805
994692
327909
380357
114985
412802
40723
7476
915635
573885
792492
732921
145434
881454
495349
58892
729084
325415
910737
619579
181116
841130
606607
39774
86068
883423
905330
170518
676113
538337
723514
834539
910301
672397
669309
646845
39093
393091
702492
359116
126020
50753
176173
428086
343770
590336
155346
62732
552804
394476
86103
990871
243693
321027
75494
352975
361042
103490
103273
388223
420402
588955
884822
47364
537697
321299
434825
661240
493849
401022
553045
493490
930528
238845
688217
552429
638444
157545
76177
999667
77075
35598
227219
558875
811845
308198
501178
175690
310472
313377
213530
867649
480249
953679
865443
168526
900461
314883
904505
75731
981604
277170
112015
79261
697399
265563
278443
973790
528759
115232
166975
194761
795115
391081
763031
803408
736879
92504
234595
805059
880028
799668
99042
332153
911488
83510
531231
267344
288265
96313
911382
777349
587657
654076
267468
248711
187682
237417
982732
990843
954622
767975
771732
530542
765188
735132
250953
331892
223560
760845
611528
265268
680575
404903
446771
852846
832308
283191
346917
769077
472358
991968
410829
622993
378171
613980
941123
331951
61055
300707
713213
189723
716814
150946
135013
834583
655688
554285
632808
500456
219000
250921
655806
624987
920648
610032
368663
810487
899399
246936
757940
999993
289455
70952
385364
292153
989473
969339
93576
100843
346969
653245
995736
669457
17491
31273
566664
694091
871644
965048
878512
743519
195277
908202
447947
261247
337061
125940
538856
40540
675504
750557
647710
517827
621005
202397
339217
643868
41234
852710
44651
680590
273921
380265
961641
778413
776863
46157
668496
928422
41148
763112
741868
531501
378699
884418
389866
94739
180856
395658
984321
365367
571812
996245
810560
402061
25675
356115
291680
44031
48026
69502
379542
82248
855767
765826
610409
112814
662603
169634
861777
770922
71775
343104
978504
297849
229055
534520
12172
890678
938959
582845
202681
622294
213056
171938
615121
512437
338177
953217
856119
464870
731687
701082
26698
134393
437049
777451
657271
147662
258467
914312
595210
924081
362741
824261
770959
822493
794488
902408
841773
854132
116888
727922
889310
375124
234050
282531
173340
804112
632722
945533
994501
947580
177933
123329
5417
980382
506525
833493
384648
2485
403164
621510
906289
218378
725665
774155
812800
14205
850001
982858
732300
473690
819507
697289
828969
519386
432223
51485
18605
776370
518283
777729
729160
187222
237658
672519
825082
995521
970217
73095
460070
58668
472525
705346
69266
465178
886147
487713
339725
683568
117819
406179
936251
821524
140586
994143
534969
229378
353977
727077
153535
758095
589732
372769
435192
921656
814305
464854
390409
200065
131612
217459
790277
216531
610120
865769
388170
30635
362248
610595
525941
378334
281179
535198
885158
469873
321569
563484
233614
231409
834409
319310
493427
854181
468961
241292
647929
532631
579098
753588
622024
612011
481358
420656
285290
371252
709988
249281
647400
837138
149013
799849
3639
911013
28435
839505
532193
830573
713326
19520
787743
527040
554188
526826
918155
567272
970387
213937
962898
549162
902392
90806
483104
973133
724466
405685
278231
589874
552592
63030
324980
225165
110997
659995
2105
468186
785049
78313
647465
738595
405244
290761
221018
842444
808801
268740
573643
210743
318574
296892
899704
572407
37882
536958
661980
668079
86323
748197
461779
21695
348826
188936
680593
521895
786821
760668
564645
188281
637477
935127
636001
30049
511649
945894
648801
231007
798695
678533
830422
649387
497368
472475
295907
860762
638766
96582
374751
713467
539477
494553
900803
105979
617826
718662
961797
917081
713169
822580
346480
422461
207329
736621
282936
816318
836136
101434
83170
827775
621066
705719
646194
746485
595004
160666
954748
388248
914185
168618
216118
222207
123663
381641
829474
700731
783156
7053
330516
154516
575472
386615
500497
506345
890932
260142
99459
809763
257850
575075
620314
232848
869369
904168
784078
694007
351133
506208
703374
459338
900810
353967
430356
45127
683643
469106
315931
427141
556070
555959
208116
548122
639504
491058
65077
490571
413114
137350
359272
645009
893049
551348
122854
555904
26966
457639
91792
286886
46269
718692
675877
532362
785809
288780
289888
284866
530617
942973
665354
411258
278164
46516
41007
48490
252289
443763
174463
96695
51862
337285
404266
762990
997201
497088
441450
262335
264659
466973
276463
799603
1930
76517
133853
639008
135263
786378
837763
71666
321543
917590
359065
705462
865289
626187
715986
490327
900960
71596
874641
916878
484805
197412
944131
942335
385189
903099
750828
779625
272556
728241
929702
251498
838888
567003
290408
983788
745242
649321
724674
719588
896502
818815
510145
379782
824514
348025
951628
405350
316695
563829
265401
905379
89454
380968
686342
597314
661316
520533
616448
515829
984878
393471
215644
186101
13645
545305
930044
956586
212078
262298
147127
993631
861227
835067
663455
416659
398987
856112
711187
220531
422183
273646
191649
776174
205998
149604
414077
530558
176697
486929
334824
320395
965340
347832
605649
214876
991017
313638
685276
853127
76878
92079
885946
940806
442488
37411
652381
777681
34650
503623
936857
516449
317073
762430
228586
810012
204853
921652
176666
378638
766693
302515
806830
903262
512471
631908
439113
791086
222744
576113
509583
385758
639902
905730
502235
542760
942641
812260
201584
151295
145820
372913
19998
359523
936909
900585
872426
112336
929940
703720
163982
349406
126366
576495
820009
174693
683128
189874
870496
698353
456984
772912
945032
142125
225759
857706
760683
908357
6129
999456
643769
871210
351384
975676
208600
181887
250567
731899
912992
748774
531519
322650
998962
580500
504462
39972
32535
275024
557612
191279
410801
715620
602783
317992
404284
288886
844770
162599
224937
975807
309899
708130
292824
729326
925787
567762
385553
986172
535992
689051
48844
371331
193318
528355
580301
11505
52861
67858
790747
100902
665618
281200
954465
404889
595856
468118
668750
501794
673189
52222
499865
555562
270380
223513
61565
644747
714590
924683
405433
110950
280919
186437
227054
593123
370540
182187
627299
818773
186158
27223
845517
122939
79197
815347
666650
727122
704259
953370
170116
474144
504687
73511
714761
266671
481700
412934
170117
93443
373093
530818
480664
255184
90667
174767
963899
579859
328468
913895
593070
698790
175535
20064
278800
451706
82010
392411
599503
174885
765229
897337
412936
2642
696697
172097
241589
220820
348976
837720
836435
722668
123097
624278
239209
213654
203539
75525
458646
221308
614908
982036
888435
639631
947496
165997
977607
736995
1897
406317
136877
303022
425176
203289
399678
715592
359748
616050
314317
211141
499310
817454
657238
544542
373350
43740
276454
882135
297245
524335
972486
280237
724446
171982
913751
150876
431920
33058
503340
402313
134819
246156
789389
421391
474833
347865
498583
27535
847219
565804
949338
640730
616716
899903
402012
770012
680499
435668
12432
278088
389470
583946
589955
151934
295203
847661
360830
477860
285311
610441
337991
1665
954934
365258
901004
226440
865648
863067
522586
709291
383416
196508
760456
348482
562814
549686
989556
954081
225421
849632
796929
606647
471506
233973
345062
649583
885871
987632
548247
625333
176690
748620
903719
454292
585738
408126
84948
467863
48352
122455
319010
778169
4590
535505
295996
872596
633461
685737
281103
116768
669895
997697
123706
808422
640318
834800
995294
449000
814022
786713
705768
205423
578192
528689
680388
150471
304422
700854
72651
240387
322501
484932
916561
806920
638799
908176
708791
390873
762152
323612
167596
916617
90163
230835
834641
494011
815180
23940
56886
427588
138862
430996
950566
127906
413834
351324
1709
242805
628887
967367
708047
93828
991288
949458
709412
119047
146014
536341
577467
413012
871675
258438
958529
578933
33118
63684
707826
784657
317750
858705
525726
343671
579168
596906
210022
389044
594168
569339
971768
514514
411178
511389
754936
845619
289140
609254
611514
112770
809549
91210
657858
419399
105411
543920
891027
839455
218911
916371
66847
300875
37572
635956
175503
574
431718
640390
802216
719914
735516
547281
860211
159882
957496
606486
546903
935714
86279
407139
565767
296572
240283
262674
847111
539392
241968
699926
884628
553778
417108
484913
193942
538749
3769
704598
735042
183466
947160
716890
438506
845586
542936
118706
747053
575371
848541
362137
143875
430750
48334
849791
586034
829313
680798
682384
241160
576766
541511
608975
63250
114578
415399
755979
903868
727213
93116
807039
590481
431832
635218
882101
265547
235488
803832
647339
406880
306958
685770
380713
159415
519732
812507
161675
652369
310991
375864
154590
626833
643006
365008
845389
80720
731618
511370
193629
627862
703392
342549
385325
586554
966993
686272
593894
373846
386278
803743
705554
400385
459446
524756
834036
852361
111949
878789
347113
408405
680944
485908
572624
926151
788093
825046
44376
343799
606501
61954
288892
677514
194071
933883
76957
773268
5579
755166
688492
705896
300746
493830
61532
891838
631120
95905
363861
579504
339475
823013
116218
828070
657266
111213
341312
129822
762983
461900
626038
742494
102720
140113
329971
327572
753200
404401
476448
912106
46764
786612
317374
918724
86339
369952
833454
201118
84448
234813
666126
856273
795851
992519
278577
345289
765448
571845
219270
211584
561776
357122
220596
981763
405457
942181
798355
641457
22705
993519
705841
617264
513841
