902669
37238
557539
630729
732366
198049
734011
711681
618223
63624
994349
679521
941382
800486
316319
680498
633517
410918
194386
217286
543402
330829
360024
174232
694396
653936
406437
696715
706910
434744
813633
659889
975636
590841
210312
83438
245866
812427
70412
880351
824648
938797
26534
107744
408145
552106
625439
625128
180724
140728
6416
313326
11193
349050
113167
718814
571026
880824
16867
781580
336139
110701
848852
755296
532915
53749
253025
572138
861933
829015
901103
321795
628052
210644
35690
146127
271844
359232
716129
804391
836882
929032
967839
226870
783207
916786
605020
815771
384809
922401
486602
42583
801625
457923
696747
572240
845818
621064
643827
128738
185895
474143
718825
35108
898331
287994
438782
406523
304839
121965
911273
82014
213745
161035
482656
208584
381125
584571
515098
450680
363077
893862
87084
256824
144743
489562
906919
326679
993049
368674
194510
602546
627473
604008
338348
923645
764987
339857
383261
35809
768724
81486
411016
238129
645719
990110
822973
649257
948854
645921
864187
458909
116153
187389
997509
619516
182059
586750
997604
188535
897584
424081
81464
545223
937701
652597
714515
185914
490800
785943
447502
610905
543118
421759
847351
333394
398662
193826
455905
21717
565293
212494
197843
859377
196580
36119
549793
24235
72821
40442
201149
867634
60425
859454
993701
241126
410640
406720
868771
863340
409932
726665
632741
801203
261322
707380
939102
916770
145707
152601
123146
117906
995103
510755
405161
348629
154424
890279
50259
415866
734980
986816
394446
858559
152231
764852
876995
405147
60589
55431
923421
228764
720205
924227
880829
347193
466111
259417
500173
416545
954808
248039
674152
916343
292502
312449
428582
202211
954968
919626
970228
22164
159355
513983
368351
559935
957815
157970
699981
307889
384934
862948
664820
200579
254811
321792
331513
717395
3893
636914
209210
928452
501372
193535
178796
190325
172472
808285
139072
67297
124950
544259
242805
650343
168725
706955
531424
454993
66752
800436
887639
657048
834805
636599
428809
990873
937908
518982
856047
622695
578544
504458
296072
841471
949569
517735
235659
572265
228555
82391
30128
594798
868624
389149
143561
475848
845306
458892
792381
46472
620759
799647
95726
959968
576747
673440
880784
31950
830698
486240
145198
63916
501198
866934
353729
900390
268338
924808
150860
494969
376154
62606
697829
748884
811950
361195
65018
460988
349847
506995
719636
594437
90951
909888
448497
410081
651510
774964
733702
238104
298731
649767
277292
322536
158044
639735
992030
667081
918116
911255
460432
919213
411739
888152
493061
66694
481547
310611
449037
884691
570035
596900
398451
181296
388776
919602
274484
973121
961721
976460
658182
454455
788552
324367
653390
851308
812851
252255
437727
907137
677133
28221
118656
341982
12565
685091
890455
155630
707327
448166
815511
644816
458753
924036
687910
357228
810
118208
110865
366472
604141
855239
596083
96549
999346
996924
29322
239598
568629
993278
409913
884553
169363
313778
320388
960434
274421
32776
876499
90780
205087
595857
224713
875011
324703
863107
134407
401753
395105
187358
546535
908377
850995
261453
539769
151496
574111
810976
787617
929887
448635
224316
102873
470102
219414
79750
248449
429993
656279
303326
427458
354003
876384
550809
850353
470701
399140
459748
343941
649255
600810
51704
85699
23260
156057
315930
508122
391308
148971
222221
76753
300920
373475
146362
873911
701863
993977
833342
559468
556417
874822
609629
626913
506498
694947
25395
452404
87206
997598
476524
73670
834408
554253
196154
675787
315931
993439
110132
85269
50485
371261
669185
766128
741905
495378
182841
798414
401404
133777
953882
116026
805024
703105
10782
656884
6479
105311
64285
346702
963768
951621
454304
837291
256766
834942
424403
166239
370942
593292
632368
580805
503117
333109
856311
141734
420454
471944
940014
72632
325305
359638
697363
237634
697989
777282
50074
780700
840633
390580
224817
546762
951005
534019
860388
955192
372393
630375
256035
756094
27465
150610
694328
98899
827147
365413
221132
615364
330703
675100
805047
22014
243682
81875
278568
531741
477322
169675
95470
449907
223985
485381
886854
626339
541642
565907
318781
847879
94082
72967
321257
979332
769405
699007
7030
814055
339934
494490
595212
811876
391086
143760
339074
965797
494791
151552
510600
817505
338664
589145
62594
369254
692397
690874
178017
306775
389544
635123
394480
863674
507875
110444
604840
448528
499147
886406
251129
328389
356439
770581
988984
484854
377759
946445
130908
889569
777131
371612
377229
92771
444968
241143
433725
13887
168247
935549
937686
703421
191938
51752
935095
116739
195037
445019
158163
355691
223991
71876
328041
204797
769036
959271
241597
592681
876097
674457
757527
980975
137449
896463
20514
302137
61519
616419
55132
275693
390369
937130
803602
342094
319562
791211
627269
944995
359968
532526
723456
344384
572261
974587
353929
803348
734729
403876
401569
374441
537158
689383
78475
440845
499242
927074
723912
829106
835758
838050
20051
276099
986550
117879
801315
382263
878863
308807
385217
531714
882767
666243
514426
645715
66135
902022
372391
65811
994719
70104
248757
404650
110010
876797
422109
792250
353239
823152
106203
392758
893596
592000
972178
856184
529418
954659
455884
663854
284218
48281
358756
171604
123152
344209
793635
71375
312874
903341
787651
14935
858078
619882
498104
573175
845695
471898
498767
587690
761074
267310
400053
531162
813294
270398
81811
35493
581495
322424
764560
557376
171418
990940
551222
741
527763
284742
385017
297663
897191
531992
708918
187830
169218
718132
555383
660154
851725
485437
385645
384359
876774
301789
969649
938068
568981
789360
571374
822720
836011
902861
873268
188728
259211
867685
609556
942478
590399
647428
220604
953241
31570
218427
499337
558651
972658
21197
227363
505294
222947
794497
144119
476817
791616
906562
622944
938963
759967
579056
415141
142167
648405
732750
324727
351464
746663
676151
960404
100669
551060
16575
402236
853829
947046
539787
760120
530301
384676
710050
445431
612485
565596
525085
268729
681163
146484
343454
830903
467809
893033
81647
822237
969662
650502
61981
95815
3601
1216
340254
210007
13743
242332
649528
880449
609475
634423
303361
335667
228289
339790
578564
300881
267430
385840
393207
450948
708242
427028
834664
597402
30775
225153
247228
361497
341427
300613
105604
884948
681372
271365
617668
672646
517314
830502
38553
713046
308171
585963
452012
768193
487843
77380
327061
464904
327894
936871
48182
446226
905980
409443
168588
137374
861432
305670
863684
626400
44750
262068
251211
34160
835819
418394
182974
113956
636037
345752
270947
672401
39466
245925
775662
355495
394608
496578
231509
611660
723832
728140
323922
92619
59050
206559
473173
188753
909223
831028
783999
833708
91047
859272
86588
359822
786065
967209
55792
331768
443408
861147
900703
46196
172803
90984
531933
111270
748790
829279
342290
878599
900840
829305
102812
46171
812909
257323
43368
330818
307210
356664
959012
274785
756561
555589
890294
2600
401936
546336
421459
983251
369152
229599
730042
679440
202180
699374
614114
914791
409757
141035
33129
410132
925211
57786
686437
826056
608464
599445
867141
767779
363211
607720
870204
816878
479774
564140
4523
400134
309926
481442
50
696419
35994
557874
340607
697462
280149
892487
283628
225591
695501
502448
399438
596766
913794
549785
281956
352778
373366
728032
861680
298070
157117
997221
885956
221465
281684
675408
412579
166202
857827
525542
251911
141664
605468
557489
480399
663098
587673
434825
584755
868609
189245
435469
643327
266596
700548
65331
185685
7261
585645
873745
56527
863314
578864
487555
453407
167465
596509
108022
679371
315598
29481
421198
657168
16472
212982
638835
431932
305649
12665
25763
936033
940709
510863
900633
464057
983357
620653
166885
420725
251067
654049
742920
671459
287778
985553
846030
532188
50871
784618
820114
620588
240113
397726
982292
788649
595664
950068
536628
716679
79808
163127
368139
514373
308614
109000
225736
815070
645900
453305
377433
519912
763176
425957
415933
473855
280497
940047
290504
302146
893438
443195
238440
149207
180253
922918
594204
217990
433804
825144
932020
431864
525826
188755
37699
371875
27655
530421
841860
550230
790764
527250
455548
917511
722054
650167
390336
885043
726183
225357
367658
569921
266372
33162
737007
396374
641281
363587
714977
416418
377963
137975
76230
954065
555539
335256
221184
304868
370904
737543
510775
132702
608174
788138
342341
512070
897987
902271
99001
362613
205788
351200
349877
614294
607012
756484
354691
182240
430819
990520
296569
784093
512605
391541
698013
888471
741126
652192
206000
490578
208834
439988
950686
395242
988197
229157
926858
180869
890905
491601
379318
125800
893881
227837
750333
381458
383593
985981
455852
223009
415981
604320
545100
551020
781363
770275
875265
924640
656325
270155
168223
661395
463025
852517
431762
917933
153659
925596
519124
446696
996350
928917
907002
600556
653242
962856
103018
866140
345917
714682
963214
959994
186928
732352
913077
191829
236870
30392
732598
150708
550265
594197
986462
670983
308990
868999
404638
427627
919211
102308
145664
801763
47812
845349
487577
5417
916055
279656
821393
90554
579460
424804
691796
829550
113556
856787
819017
21225
834496
716304
162821
486423
914390
526699
295843
599246
239296
794974
61598
77048
743405
999283
5313
299814
235310
828018
200269
191989
907793
426467
184183
469679
368460
854005
564035
417434
185001
529854
910615
636440
165629
229905
966380
335597
671040
320481
526544
665063
326988
427908
314891
580784
222098
776727
804697
481983
763964
919150
711540
827914
972792
554795
354538
536210
893649
960318
738613
925083
38655
237658
173495
416963
555734
500985
628101
359925
737953
973198
678040
222638
521637
866038
895295
875093
37202
562993
390676
741481
879809
358938
712872
466778
909329
277328
220696
122275
579427
506306
734628
840444
98064
539826
976992
810421
848308
2951
196567
939834
915966
863049
637953
73119
175332
110704
458693
295312
548300
411727
381985
56724
942180
134408
168069
243393
670348
832990
400237
106322
911650
762102
743791
151702
206236
903058
352824
168621
280565
963268
687981
30641
676392
371461
52132
156786
526824
767193
474822
437359
340
488421
25711
612468
26002
393586
140127
106267
227975
162239
110288
565081
556739
767144
446299
509804
375689
933218
850592
702119
153077
877533
876113
290038
899439
666994
689883
56072
661960
732489
128939
168532
944635
94440
505751
851385
288556
848030
260889
14985
563688
91409
208637
829611
498326
75974
785285
431912
41829
97446
16835
827355
78809
345441
556977
881142
688720
888060
251982
604491
155608
309388
568061
990838
658900
204276
220247
795167
670364
938795
717385
941291
444205
29493
57325
642602
98040
818506
458013
612409
412868
163848
820229
93634
959599
632425
24665
328227
544513
752600
83899
78716
742262
419369
88614
506144
533935
26083
538144
986496
579677
497683
85177
301922
260570
528655
958305
558530
19587
674150
912581
937977
342026
217726
260387
14744
493737
538768
766240
462379
446638
707499
696362
675072
553352
777227
984334
235507
418740
612874
58695
181151
455892
222127
306479
747307
559999
497013
415133
173428
705421
677689
354024
936386
512049
756316
317301
714748
255416
594446
732758
238881
769230
724159
458331
626655
898872
9515
284154
878903
203751
18758
944275
495513
770229
790830
66146
26876
212074
598523
757101
403041
944939
693277
246834
13356
349545
973820
968012
436472
649686
126741
759418
609655
511474
283871
791382
504602
436827
933410
803091
804299
372503
790410
679514
950341
662633
401262
51447
279938
206802
973419
739314
125201
498911
871715
126743
485767
237688
729400
903453
225197
962810
449718
831025
77951
763168
822956
841441
20897
139828
350773
399199
894306
609477
776136
213280
5272
740473
260153
913688
637927
617371
726687
364949
643425
381549
651445
320691
319152
34614
977020
427348
673719
277354
50460
682291
323832
918210
464677
164711
260202
142455
395396
968410
801626
292048
724975
234995
975441
101242
603268
849599
425177
686167
473089
659024
336279
736572
126435
832705
261671
649720
25497
136178
491645
188519
935974
434303
250251
530340
247528
130948
947839
849917
772303
842997
456338
568427
935365
274910
126029
786201
358296
210612
415731
195194
896290
842260
548674
70033
243548
31736
562458
408911
788922
978227
30780
155192
683469
866081
749628
995499
358941
37669
598633
377424
838715
181972
968430
153803
721412
506588
837665
903815
477676
511927
649949
291750
963183
964003
95451
286438
373339
109248
462399
985439
875693
197391
35184
279006
427815
741719
315211
594848
358104
764025
499439
480996
616891
965073
387879
391332
945095
574493
552549
78178
416320
763958
878141
554550
383281
982228
912012
8
445334
287926
293451
38172
972705
763961
909554
769476
389884
139988
544500
830448
322452
966135
120142
500517
768973
643518
88342
796574
53416
241796
671638
364027
446688
667867
162020
800991
740891
629917
736146
910351
670828
540402
394464
912882
167843
696293
978685
382485
354453
434238
941567
402694
783434
820429
385868
680602
193670
892267
251348
422499
171176
410361
65122
333003
287861
556275
103465
189041
443242
738059
393159
623289
209643
578516
3692
529871
730648
278
240356
928551
967106
488676
952046
34184
671305
400628
215226
285853
663020
622391
495833
188603
200747
618206
625004
752962
180311
287692
961585
777689
841782
312811
436455
715295
644203
177409
153023
548383
866600
83887
500521
584757
890731
276501
537273
154539
854026
577922
995875
636615
425495
264497
188166
92269
344132
11657
403938
441596
523426
434057
849190
976995
920416
345944
804194
138564
532251
234197
664945
473056
409583
96769
706782
886705
547263
666305
168038
69775
922288
795282
449213
211172
772235
827173
355845
405000
843450
437314
414560
580721
404911
216505
991498
126410
140935
157621
234289
783189
653066
180848
909580
473047
506090
565006
613610
292638
815558
638211
502473
384598
174519
767591
393360
907695
712135
489402
527059
78788
236404
485839
515542
286168
231804
319528
332491
814398
455011
591327
145493
821505
483029
495684
550553
237475
404593
134230
833394
508521
646948
750297
795451
6806
395137
192149
935730
767182
366497
584002
753739
915597
739447
82673
419423
60766
871569
509895
144271
856302
435846
89970
482608
945222
614792
703329
942401
160663
232545
163925
440932
408885
19262
989228
292972
531820
144752
179584
987460
395206
520294
272980
97070
976294
396011
549950
574574
19349
414870
35122
476713
90768
911025
806530
622631
99670
990875
259736
119102
628010
955471
390315
361947
659639
223679
915794
157078
480648
961186
259755
120376
718264
596740
457225
172235
953133
289196
528771
976956
709105
868808
798666
516159
209421
364326
785891
519775
947830
666802
644696
321588
562712
987817
923291
709246
142002
700030
437256
157145
706774
589267
324571
774421
55362
142538
812378
898852
687880
462639
539458
874500
417851
127426
753436
341293
825004
59858
655085
68868
849634
385249
527776
651747
58313
954250
949774
823860
347041
635991
7211
963335
760217
714344
579572
409879
147228
938456
240302
85996
953400
292000
920982
899459
835162
143916
490476
137067
144860
19776
776381
133930
747068
630092
707849
222663
111337
652953
94000
681333
835729
506729
174365
157649
467854
154291
269779
405904
170148
194424
584908
803888
980004
16883
877176
384402
431231
566195
473967
152658
192064
244518
178422
302298
930462
486452
899157
113321
265673
76422
30007
764072
585158
833955
918011
773382
396494
91268
973417
2963
544395
765014
212698
402330
168047
451488
568679
974025
789552
897220
644271
104152
605904
536867
980921
848231
638272
21182
408540
134945
383377
12610
481980
36095
740329
736806
259869
650951
70105
302575
962929
257624
777249
60424
540923
521564
407457
484083
412869
672993
911896
222527
618426
205628
468184
663518
577457
963430
457407
783861
189633
407774
24819
34406
407322
732541
402440
984064
996825
448798
72789
108642
805265
303568
45715
650533
352809
369581
841695
771748
373549
844762
202675
935018
998582
194354
370142
146896
217746
447941
723734
173766
546792
872784
86086
250529
224690
499930
417126
612429
53218
45538
637781
649037
592690
896044
438015
259598
589583
64633
119993
733065
657063
982717
965286
504744
654130
54193
764177
800782
732183
990608
353309
377223
628876
703722
517472
41432
878621
351114
726098
598176
564667
342164
655941
610561
415263
656407
304355
658491
664377
247037
249107
241965
490288
7391
718574
183095
454178
384576
441322
731021
459452
577700
406404
407137
38249
396170
424629
800534
324471
276785
879443
298148
631987
257021
913754
4511
903134
224212
255324
238454
348610
50872
663978
162430
403270
36206
419920
829606
437923
52736
913764
563397
29924
711079
336276
465528
238870
205166
227251
468989
841317
336663
592545
155057
163104
312457
757574
86150
329605
425188
519609
615685
72055
951474
28249
410803
82908
816009
704801
390997
583190
899214
242526
388309
266319
153151
372598
874634
862181
360612
751404
27773
668695
354166
949358
878917
93514
361556
727307
664497
829006
357930
907990
393145
608900
980760
183648
71710
911317
112879
651099
191938
771889
982735
572623
527702
518770
859709
142385
51005
573384
801227
877227
233037
524143
534167
28254
384627
137000
345297
29718
936346
470686
752744
976674
898369
853270
781045
67984
4427
367696
99312
968798
225554
431288
773285
390452
207580
574546
605441
145528
53170
837870
32740
351818
822520
388628
914342
318677
222547
461561
697208
980788
820093
395470
124889
234316
336140
134470
406647
311505
99257
652213
162839
794251
864140
428280
925190
859430
120965
371210
673014
343931
464612
627636
52372
214825
407504
512522
384101
835020
766461
606357
909491
102391
278873
945194
536147
927429
523202
546908
779157
62578
875288
413300
183116
850182
983928
201282
243854
380505
646932
430858
459897
7149
366166
30390
342233
365147
333213
582333
44765
363136
933469
938625
321284
928734
782722
117634
886488
621291
112367
422813
499155
219872
656047
351091
770575
921004
871621
800314
696954
314955
326942
849917
26551
98531
55153
599139
899558
963714
59668
739038
689628
194804
243378
143353
514604
479314
640496
505814
902617
151100
849202
32788
81671
525530
181568
576260
476652
544113
132514
733403
539140
115391
99105
809536
331736
805950
714141
886367
596579
185746
791705
813050
823829
803781
333262
113994
51343
408562
368367
92916
700408
549258
480168
3844
142697
227643
90353
665434
95057
186559
978958
503666
61747
299542
142909
434540
335198
51732
440473
548289
6883
737620
397432
463403
11802
13240
97664
124246
663092
751307
437061
124322
308415
13877
625712
176707
336840
740888
870638
22714
288672
811011
268297
109987
998581
710009
991325
906252
870216
730681
561479
508517
981937
945679
394137
999367
248237
806276
384738
845851
985759
360199
696017
811499
422765
420272
398007
889042
914078
619222
114647
483909
921406
81634
763738
755563
38840
473488
261924
125554
570663
21529
846615
286767
107824
868367
832450
213233
983137
302654
841969
651862
793809
985101
162866
307572
340243
198334
401284
88323
370898
913230
878455
949645
943458
912900
570649
812126
681047
841117
328657
329780
704231
706737
355826
647675
146235
86231
979105
959917
98019
534131
898845
821704
509717
998613
552879
801711
134754
899557
518350
209532
830765
595395
888391
638727
927013
850542
737666
807535
172455
518378
964844
812761
711999
968898
40299
9895
381300
270350
52896
563144
238615
66268
457462
370558
846156
379489
923925
366389
351629
497563
683388
853951
296098
750866
713205
656038
917156
436411
469778
430326
894338
946314
188017
841752
604828
716472
400225
310345
538282
422819
683876
372562
728467
60493
808076
380587
894879
6455
706550
300156
895166
164576
935588
222076
533937
995696
429776
928409
827386
879442
872941
684721
696685
44265
77858
248221
193950
326844
173133
794569
180477
339304
806585
949401
258622
805945
951444
588083
741332
707694
798776
427352
998409
812154
146314
541953
442956
981715
482848
159468
18350
528443
595531
526957
203360
187907
100424
577418
625103
965895
884810
855405
28616
747879
677333
769563
426100
759679
484750
188631
816913
184523
698574
183538
498485
530241
789258
179824
138442
837027
536516
759403
335232
45251
814197
363821
180735
557373
302652
182985
185686
859011
610971
413573
836288
436005
757631
516178
416264
826656
476760
96592
55109
607138
187458
87675
281184
473342
783441
302078
986566
75120
330435
933689
135817
287002
272478
437833
788907
540255
298676
178333
404603
374826
363694
182382
761980
809607
677597
294374
278492
87479
685721
937184
851282
647339
389481
256925
487341
499665
353497
804736
547197
846849
762391
929878
790959
385856
703288
256840
168012
342271
324834
45083
171077
188235
808124
190341
125468
867658
324520
244527
775964
523776
2700
480691
499207
908983
284964
430447
569401
117405
565909
584376
846609
671699
682762
444423
703336
157133
617349
761323
765125
271301
502114
247064
905449
533402
330576
753788
461297
113606
318205
974620
320267
559739
569621
747136
351630
288454
444554
665215
659036
115576
661470
712465
495127
264631
420848
795272
414491
404650
275465
980245
326714
786044
199056
217486
138488
220005
207457
80782
162729
710674
164478
180861
336609
321660
269352
132255
658283
129657
326522
491056
660667
969447
478432
176597
725945
766261
131753
120890
527247
319565
521303
952511
264513
104038
532125
200393
267965
285947
926576
775051
768106
939088
779781
586003
894498
122536
200532
23796
381458
971604
396633
767863
518961
259073
438886
191288
872916
228506
340825
408967
827654
572063
798326
814617
628152
497022
38838
999303
336377
79677
106624
207202
396562
396668
828172
158340
777068
474136
11309
202103
152500
834689
602669
881046
149645
759678
270940
76282
783580
403040
308723
7318
953756
841023
53593
264974
413178
373165
394485
768138
795869
97155
686586
541284
447735
561659
492641
367992
523974
257958
735963
758810
459067
742677
950153
570561
794171
214908
128741
912407
32729
707567
227128
691068
971495
556063
593666
278133
306266
678048
545742
226838
163140
187808
462706
953991
931930
147995
827429
716072
33004
277072
62896
184478
66658
29993
596356
961895
386589
326518
948563
