484406
887450
43126
600659
462204
981020
38673
858058
809540
744126
714329
348236
558590
366349
616904
407423
324140
867576
277186
638487
702385
128801
170312
220745
868359
786886
31440
608924
784387
908049
943556
480657
584934
730228
777953
382598
68204
473190
540142
118222
276359
426733
117473
80191
378001
551055
999829
109744
445647
839120
942979
895309
725346
505919
855493
781378
170187
983340
346754
450129
351389
223006
33025
476707
531894
936069
312921
872927
468534
323568
177435
406951
274056
63343
175662
993570
358487
193521
648678
934790
708601
937940
659395
229755
50791
928349
860917
934517
230685
325712
566996
182251
867286
303603
331934
165060
647992
603647
823822
301
320768
119403
239332
508074
185335
368541
731389
960433
206805
313192
661786
728847
697747
502388
288898
419095
311615
686503
876047
596307
289925
669031
747021
798191
350167
803650
512483
180546
329038
431163
53480
751524
708897
972546
342271
17570
826113
766799
169594
918205
23947
144423
936846
615344
73295
243430
927944
161348
724536
448118
119748
398566
45544
719306
83795
465078
273674
628204
522770
864059
377062
182337
241291
691180
881424
