783466
868928
753879
302745
929575
276548
336505
74719
960133
947686
219825
219999
114417
871592
166353
883110
516258
85814
228549
874321
608573
217523
724441
26918
640886
83117
7889
686251
730501
154637
345598
963487
709645
113270
45006
609058
147758
119570
585854
376365
224015
499590
676022
691818
935576
692785
409958
721143
307962
502224
626877
145564
278301
896493
139342
740259
95292
914172
884324
534657
26192
312412
396450
373624
712090
103989
377628
220415
469856
893001
777488
845865
987750
798766
324836
272058
712254
738828
149313
497324
236150
713897
537184
836006
557961
739805
683800
837279
335574
176684
670799
779899
39322
563327
358518
261435
471147
790304
749178
405967
260369
465260
855466
181461
946724
492713
301334
130181
935387
971470
663347
934719
185279
330148
734450
17723
151359
785357
217449
142799
23451
100553
227892
461520
624914
522029
350786
950927
469647
400066
206856
210889
486668
827855
301676
547918
488577
823735
758266
869298
599001
147446
209033
946724
60218
438361
258311
915648
459164
708474
296513
822687
447035
635720
14324
185781
331120
299231
559084
295494
248214
82623
110827
842567
804354
656457
116987
930875
992959
386929
811445
935032
5516
774713
82439
720211
165502
477200
598593
791646
106602
420018
230745
868548
350272
388028
678742
45581
64904
190909
541164
134983
80806
917340
244041
946058
103335
791665
714656
240124
225771
824870
271950
959251
3319
593249
313965
869150
65865
202257
389137
615784
447030
113797
592481
291222
832807
831394
459122
319901
424436
481
374501
277349
301757
451528
749439
414998
998269
772321
101816
864196
373651
687738
489923
789179
639440
446687
117154
272480
882476
553423
725431
429639
264270
442598
822517
205028
9457
779256
798885
131274
258301
215813
592170
248290
52948
903124
749769
450331
69679
977435
59323
290528
992613
655344
5032
633835
903839
360656
454725
664379
342658
55512
822889
350699
658044
645542
352903
621695
502062
141535
109473
921569
774306
37324
919393
968218
773619
89634
848831
302937
996170
567645
348071
504507
606545
239883
17655
630996
880557
808190
841399
800213
136117
358294
110955
547354
420633
795156
747073
457056
996863
463426
775657
840409
363258
530945
224219
463721
684852
792161
880581
925557
355099
746818
643282
536402
625097
399296
48159
585539
972897
905537
466756
833573
327609
531763
319661
277507
676295
928691
387108
790747
687910
468626
655680
779286
497140
253313
992163
289066
777753
419385
55780
851933
456741
746480
462416
598569
307820
884288
853679
582092
248333
206974
86846
949641
736173
45724
610280
245328
978561
695872
710836
186561
692513
424574
142431
250562
619078
645216
833927
529125
365698
125641
515420
764110
936519
39138
442739
207875
166370
226113
358984
446977
545378
499672
406717
308926
238497
399302
95192
509908
303393
276613
56770
394089
131797
366473
859575
443626
323722
417435
536858
942512
569519
827566
137344
180486
770574
360242
601513
959824
630542
413749
904067
916061
280255
558431
654797
238834
205643
810991
258724
896138
747613
104172
509985
934796
801626
618596
117118
769395
709154
987240
429974
230046
445546
731847
666141
905308
196585
670460
7476
677552
386345
987633
525251
597424
187664
516359
915478
680443
685632
699128
218178
465740
997902
644866
222001
325655
527193
124152
918357
640560
676294
552033
513623
318689
753282
376415
245242
915407
706013
215429
417820
322589
898198
772454
589290
399878
531805
238055
281177
1637
736571
788918
686325
611023
204660
955140
493582
411395
909507
656953
148774
427581
539094
753634
440405
471135
942509
804078
471730
328266
713486
170754
604103
686811
383461
851050
839407
11744
717963
700311
321293
9647
965251
118459
212365
204099
97642
491968
970914
199360
817227
92924
17205
404960
898907
747486
342333
733612
305428
986263
796473
593680
297140
568585
789168
651777
314106
439404
912296
402952
157462
270252
723437
685140
427572
738522
169632
62742
293976
596602
940501
192215
593810
266972
218803
212754
833690
447391
546705
115938
873956
294085
930940
872895
190668
605569
683370
667612
537005
427310
26753
449650
868694
209230
400403
628877
618193
457292
556016
266563
521638
190384
827393
389518
561362
842075
270833
245
850490
684979
609297
50150
644151
479684
356565
103763
459536
965952
648505
963991
673410
263085
756104
210444
706669
623662
677425
51336
501530
6312
988330
792766
240416
944985
186859
966248
944429
623832
61901
715087
134293
963145
753777
619089
139088
443769
422532
552938
288908
767658
495270
869354
612612
178394
7230
528268
211138
865464
742473
98510
329989
731696
369372
907835
672066
685568
287728
591676
235556
819624
506513
931280
832545
179311
576683
710584
788841
406395
302276
490767
609989
654260
386299
59828
72265
346265
327926
948172
731421
511637
250309
869165
545717
182970
781407
200738
226892
37995
732909
733629
990565
695539
770910
691925
371048
137247
469232
940866
817649
897281
93815
295477
508218
128391
810226
533167
816815
967360
720493
244166
339927
391759
82319
148577
951077
525101
159587
8127
756852
921068
815236
705136
250056
870923
787502
659446
409147
669117
100440
47548
865687
304431
136462
862456
694517
266717
490120
406976
587107
747228
413708
360433
565971
214419
356161
311010
190870
94899
234215
77801
140473
780043
432861
550984
720096
181946
866935
797619
103363
965107
351841
866457
916974
63566
348256
925234
305591
740415
735250
236442
166592
366663
346620
592120
130100
301460
185131
588466
892050
124920
360484
698411
552963
60841
856633
367127
470998
213380
50984
443178
700198
89098
835051
595122
974706
91737
486245
743637
839268
959431
321273
999308
7855
286883
609365
56565
398821
294757
397821
968905
500850
644736
955042
440330
272301
27473
657832
829300
73790
315392
800683
26916
397969
72449
769290
339244
436792
846520
4270
785266
81586
334956
283964
117765
640056
805847
592953
242828
935187
517341
135246
401963
66105
388901
172747
231506
727370
490225
171146
149415
624977
626833
417218
250356
215242
36492
329646
499896
361168
536222
967531
630976
719340
545724
171514
740610
757714
338967
895992
77033
830653
311824
93231
753867
249352
338273
355892
339133
597346
436917
642763
181151
905796
636872
217642
66731
537145
642785
930487
696154
200507
879346
78917
385553
647030
223897
72510
589909
376329
371659
622181
982870
907340
3745
802914
822520
800196
998876
689547
743203
442557
564466
891671
121890
950186
282040
170863
59918
445474
5565
432545
438605
794012
701773
792026
646105
646475
158468
42061
842546
707934
564905
584199
349280
795297
24743
63026
341857
826709
922185
319680
844606
482355
175399
4663
405402
601653
665604
578517
101796
441900
885256
822577
397418
815846
349385
820894
833083
919333
689937
833392
619740
112639
614005
975410
742088
723004
782726
949222
556456
749028
14325
281172
449649
485180
695803
174089
71659
429026
282374
687197
845437
689892
703643
650445
679911
579374
585276
327710
975387
177155
552684
753016
927161
270228
4317
396011
464910
497621
754736
452165
385515
676635
937393
425245
339610
102490
239473
188865
351578
733382
531853
116149
570665
395252
546320
712910
2323
689973
178475
360588
66043
888741
308595
701212
771259
691661
409279
300741
336626
369104
29654
663148
370663
460476
182660
25924
889590
36349
838581
348262
95891
743226
74199
317807
302402
757896
769176
545359
633586
830252
666945
268214
146425
350333
52773
951644
312923
214005
857309
379796
201970
490034
157186
365575
624343
837311
96821
730519
543557
623436
880341
171649
270730
555110
503532
658149
741459
908203
850865
663938
753685
428618
533229
703126
423233
126753
467483
37636
415695
437793
953830
928951
248464
323005
787159
458991
207587
741811
605284
137346
498165
565263
134902
510353
197871
190237
889263
717967
533706
105704
133815
140210
16057
61000
340614
174708
544563
700854
486413
793215
55518
824085
101763
605682
888387
596570
546885
667948
396298
345609
721455
827609
796451
933900
146844
38227
769215
644412
24266
640496
420177
182690
708484
93322
791449
359756
311768
77995
307194
809818
366417
424649
871427
956941
175775
526533
277384
758833
910781
39549
980869
75805
932913
409009
320138
44509
490034
651170
724611
91527
574385
690848
375721
688287
748574
840158
120507
231036
187525
326836
662798
285435
359378
315898
145115
468045
332690
348002
469007
754492
677052
389469
224643
453603
488993
623906
464811
821567
641186
500678
388640
723824
859716
186409
540018
821406
206452
860192
105514
176759
870028
940417
62230
451966
385561
709211
49438
362117
335939
798290
69880
231113
23761
855686
906790
203184
225026
821910
787938
503408
824866
640353
667215
209501
984750
442842
748516
289031
718087
489213
737558
171733
157480
651941
916230
612786
924198
450591
676767
886704
462435
13098
663771
530431
853925
564858
15822
799916
901082
932784
242989
607761
534816
308507
415994
135076
55358
134595
861130
5293
517499
923526
121347
329586
272192
139081
975495
288484
631528
73896
592013
962440
943281
390939
904081
651283
476058
355674
899669
984390
6869
769395
871652
561045
827195
871910
28371
857819
942902
163050
103062
87244
581046
368310
571127
642040
776935
149448
543622
908768
421644
169190
574221
240570
771772
35113
597532
666363
469778
893632
367067
766318
344628
455962
449902
554840
904433
702874
928324
998816
250787
906573
712327
110473
321781
928148
112526
84258
399919
751961
636240
869960
49867
785475
923560
262370
882539
655650
178859
848265
565562
677090
903994
822478
450948
976984
169021
300272
520220
205790
340898
858765
59150
539309
130491
601678
338447
974220
641455
609455
408703
197731
822329
689025
473445
292241
847470
124117
271406
707063
546894
141344
888987
780093
945400
432256
627803
668143
971478
187672
194081
271658
487591
338509
599024
460133
79406
705924
620211
779278
100611
940082
706519
358157
135513
621792
343798
355422
849365
14684
982369
860094
319684
726969
489869
81045
852127
55199
839933
305285
138052
761516
219740
328600
929512
88708
361227
602929
526596
673847
126922
790835
575150
502457
870415
453962
436282
360005
483367
378704
572878
966479
721237
944578
424795
394046
16187
489586
52121
262591
692527
801370
820237
735144
408845
661061
754873
437644
724102
243466
458902
303972
549194
53969
982723
334037
629407
87074
378200
790962
543644
405368
312780
334258
390997
125864
201656
232098
343359
325297
110746
863696
853085
296954
748504
254331
687101
378190
325422
87272
345029
258319
62911
890302
860397
273697
135183
686363
905651
426415
593640
546839
583826
789775
244790
76100
522636
837023
670033
622345
802415
280804
176013
726793
228560
93115
889182
190924
629527
656078
867955
663262
484815
201848
615731
774753
689477
722027
240060
242818
360443
771192
285760
910384
868639
353106
952625
385718
444911
376768
147839
376723
145872
706133
157209
730551
405814
648064
640585
400222
291984
512582
351709
60604
690789
574697
620543
7023
723013
609692
24477
611678
156361
178296
860646
865741
445596
610697
291970
109293
576759
246063
453925
129881
20223
715979
379779
179310
234476
792335
268434
935970
68191
38147
818184
629027
145080
645615
954929
785697
175622
594210
22810
401496
476048
28453
732789
607528
145892
283461
700072
540604
443564
23118
640546
607942
458888
571873
480867
23230
812440
798911
88373
166018
380957
698751
857718
112109
953591
936495
101841
680383
640953
996019
901286
21933
406607
771511
949094
312005
300702
320417
844165
377629
454319
113228
468691
755110
967491
726242
607142
836361
19653
64777
186341
175446
960726
945096
157088
402242
394542
970579
823522
49662
227034
961789
99145
710163
48351
547236
703681
380285
114833
917318
902897
652328
434184
825930
854393
469119
8426
98788
73874
943939
109444
18029
391463
776100
969940
955537
521140
148894
447143
751890
182239
935021
248693
935129
660467
589769
304028
962446
343860
761428
683336
381990
166323
873078
12848
154354
638010
695203
46242
190909
581347
931588
900176
647543
217172
771162
923251
52113
65218
814678
369908
374072
445952
516547
871164
819519
444162
880793
728109
829596
505226
839936
202881
476610
388028
400061
471752
514143
407128
64406
498346
433165
422076
481895
954093
710997
660761
56805
737381
419446
579681
788883
841145
942270
748574
611573
301978
327641
518702
82093
660996
72594
531397
984015
393312
282640
16610
743761
356866
340862
193182
68394
883236
979891
543881
848814
378757
644495
393294
375294
552136
356681
887765
553869
714352
311808
899497
578607
864176
871744
878895
152272
496161
266419
253523
40492
870197
160114
680631
770799
421311
685781
112090
77730
288000
400036
908923
752434
503333
119795
505063
888571
291640
378000
587480
821345
562557
811853
236346
737382
544714
455179
662384
306167
492149
895423
164494
38699
695074
29874
348665
638507
134374
372233
275949
285060
442026
597831
221066
524090
990091
705722
433762
322862
909537
292905
332647
744254
459656
428529
33226
293497
294
116220
68770
30153
254759
221621
456672
12542
106780
609306
739377
206461
546845
651223
352199
433497
687069
944457
293459
903262
359303
737767
764700
170440
208215
44566
111116
402821
651832
302201
80356
69281
214729
174346
979562
465450
834019
739709
981534
603649
448772
51019
3847
177237
733928
137077
116026
732832
989732
842415
587406
171898
605569
21415
15750
262108
123724
827280
277367
308019
171466
588882
179123
81184
50934
148690
16913
909431
435597
433932
220132
620034
571953
428456
523812
683931
208043
739925
828746
793864
890460
180422
246765
520406
642077
487401
98188
654726
448363
581701
319777
601582
386500
559741
313432
535956
761869
28498
502101
989626
516257
884137
700326
961205
471700
442127
26733
10870
996953
87607
249765
787794
259614
913640
37293
942691
536017
143965
746037
695387
791500
309794
890408
673638
393528
742593
877151
502699
196695
39012
960181
711857
375277
111265
40563
957415
885982
404485
820289
370439
994421
422449
956946
289470
820243
443667
241853
448283
287583
455809
414951
594227
71351
875688
424082
964453
546698
70155
406365
939766
27928
187267
475758
794760
284689
837115
317665
667417
271234
107151
431871
309134
875199
946256
20379
224471
167837
666644
631706
195551
511186
348372
125849
70333
309108
40299
245927
679005
117209
296909
50558
900040
715555
861198
136342
52884
760843
300145
923783
913207
958960
942857
272490
212642
927177
394799
93750
944616
781411
325517
594586
958880
232194
895787
307094
87493
358667
230616
473934
456277
295029
295488
644370
110602
772500
451476
616863
586115
572057
206375
34305
876457
135102
596336
369124
117182
532800
467471
126681
652324
987161
808891
654395
111167
421405
773125
97880
303659
125014
468549
745483
242932
749761
826811
858186
516735
83416
99178
280712
16109
257149
684053
603617
830980
454225
568920
762358
727954
280941
294736
406675
220819
865627
317456
670702
728078
13913
997952
53808
682516
572775
166840
837819
362402
926557
418273
979896
419091
278109
516459
580668
86304
573260
614803
831486
477063
584633
648065
825541
934871
330834
759650
568489
724585
122520
517809
378091
606560
603831
96994
932592
253371
987923
639597
487207
416523
515632
18142
881686
716932
740334
292145
675730
855484
327558
524261
491545
292034
474482
565278
791528
23181
928495
751071
52751
756568
42592
455730
720579
243025
200865
376887
848974
393857
597349
231359
813950
24154
742530
927358
886003
361220
376415
512182
603071
89022
916826
599525
690856
247090
475116
204379
240629
546132
437765
366536
828408
321310
996025
529607
500184
599476
459409
471069
429571
460489
460220
235312
444927
792787
854413
201458
293642
751697
479606
392760
457548
284339
159572
658969
691965
590756
105408
998959
803940
105753
596722
649495
225971
984225
712279
511379
659889
4462
639802
692999
912374
644958
355733
826293
480909
420603
39999
951828
990192
82482
842059
463040
650522
482850
899131
563204
794788
953375
97087
178814
100432
756841
205050
112204
824299
710323
30976
133847
856438
91955
634123
594186
978541
185270
368338
419649
945167
589556
369927
708559
635615
309176
689638
390946
239651
208980
968079
862224
267146
94385
167934
462785
462159
798841
652918
911258
291448
147679
791925
515338
904111
90922
87821
80923
714205
951069
111514
841332
828262
841202
184628
829508
601115
884295
614826
436412
693279
947953
800465
146956
186982
783446
539340
730883
785523
686439
538392
310030
117454
900739
29358
515344
983943
309916
810101
747195
899154
857909
630053
849327
903028
25949
963395
339226
852871
697911
130839
167269
38323
595244
962819
516694
483551
264242
933284
586341
921067
939659
87208
28361
230746
178069
772942
624620
107321
13974
414671
420068
193865
483651
268851
255143
140309
536125
969760
855410
985487
157293
311301
396553
624023
684504
45460
56513
654101
314722
205123
382218
784231
382106
977648
796755
226170
67620
768006
478882
726402
792471
940783
389059
531641
723108
666927
93479
242090
714815
475780
440346
351648
888000
740530
91788
516707
918612
460503
305635
764788
205897
392445
458067
315658
730359
814733
611521
163440
560068
114253
947429
515518
313406
100684
445640
488190
714606
998493
519508
754658
954327
429699
320946
559292
61369
529954
937439
749187
942795
654671
350086
860460
685246
673396
305015
948194
660464
65490
455508
258546
283883
727984
752962
458612
954118
42105
92759
581641
598774
557372
641753
205216
622894
400519
642897
293521
896468
58643
92699
662167
409104
611442
203368
149768
118065
674476
203800
874068
729839
645786
822688
665989
182990
358514
546320
585098
36843
112830
444400
453029
410723
192899
599580
316115
99672
63488
792018
514436
186198
132568
968031
982929
852144
314562
520005
177863
827187
445546
60769
999267
392426
706609
150795
903681
499443
167390
488195
936384
379061
235560
883751
920731
38583
245985
675397
826233
750137
25859
981909
569085
748413
183214
524420
398496
769764
45153
645788
717510
146714
774634
328200
310605
786590
285410
871246
908653
39218
889533
104551
444077
411351
340838
13631
398802
71832
666504
34752
424552
660183
641452
286646
179083
269935
988715
305526
481786
921236
90403
113441
534210
796596
216527
855945
986068
795548
648404
563912
673139
552236
914085
606756
121494
731828
892123
27513
439814
100284
202765
516297
905599
428046
779775
450457
382267
90512
109658
813365
477071
687489
364247
605137
365430
763298
835492
360108
383376
552284
466672
540168
855876
612138
173238
314107
243956
339945
970690
891068
953358
693260
623363
672411
667960
756208
545202
819850
21120
505621
444804
974631
759658
645428
113299
25667
99189
57825
543468
998489
49118
812217
178024
426546
346657
160058
684398
322904
667331
474684
32217
152953
940634
32679
443035
471848
570817
710448
357591
113038
805326
437681
843885
778547
588920
424620
535537
229052
734969
463954
652262
154060
605355
658343
849122
994792
4772
297697
42614
259043
113543
293429
425785
967520
424146
943158
168158
11477
993116
990908
415634
799043
995529
872392
597278
377769
992136
271394
555707
243841
260678
575831
394790
694369
19891
547062
862924
828797
956628
183941
36426
539541
152627
315319
856323
258718
435172
769375
505326
94979
133602
631432
833997
436769
857615
909443
851207
923688
484014
174840
536860
737678
71963
433280
831873
69144
10714
317432
126751
380781
62520
191509
897982
672605
715279
13679
52474
520123
755730
374843
616190
767664
648588
598377
747805
655758
177746
732624
306329
541042
222421
659853
143817
307720
858997
786922
676231
4092
263399
982434
350649
507710
843544
42891
348369
926532
687374
504222
955217
477230
351279
987366
864775
281305
219131
437671
692372
140774
844594
462463
653972
856533
251344
895219
362334
599468
503947
879725
268218
515890
296014
979121
551544
791097
654921
213439
803045
944277
593991
913286
702186
547659
575884
855843
683523
106699
628592
19390
184331
476594
460422
799311
657267
636893
947954
599465
83725
890349
303127
210936
563182
114450
518794
20358
930208
439786
765631
743457
373664
278430
481681
940957
157795
362703
688424
721873
964510
898402
670363
815877
835708
613291
655778
450707
486153
156557
477935
98246
738682
871428
235179
675214
183572
484805
869303
452251
215240
318887
697660
592060
18062
542522
227923
101372
101313
590724
624098
45124
840281
163587
451096
312841
237159
878342
785412
520510
654203
187333
258086
564192
264191
38202
997201
809462
886386
297586
419575
105344
636316
325200
278385
599480
678171
622093
483661
632529
912572
388612
932216
357973
739076
672179
419135
863650
397995
714634
167115
297976
507634
783730
983667
664440
311697
352306
396853
879190
923455
406394
166311
106899
709413
497621
311451
50626
238471
580085
226349
781632
969151
551307
630892
70440
957436
823262
76283
677033
367263
804663
904426
561909
246719
793399
726708
528503
93405
34736
69613
470316
906902
778359
962144
226090
977400
88977
959943
327691
690519
68298
725574
537169
938936
378674
846158
191491
416072
220698
722052
651191
581499
625867
611070
187224
39220
711520
747841
812490
728065
824549
219299
767372
369508
302034
641630
184256
889707
367340
349503
926327
502043
957103
982655
205639
24981
137952
174307
107279
906271
600516
230121
550737
6196
580534
455088
477442
754938
877804
449327
379883
784294
306561
453412
841605
482998
814253
583607
799568
31132
391101
68193
531419
354373
384416
58141
192582
606526
371303
856132
797019
556825
971356
669851
181518
2755
606745
959967
344558
54141
744789
446852
301996
146571
279599
446948
987601
561562
338800
214231
303551
637791
75410
894434
117698
16086
781395
839853
87981
239612
241393
494123
460298
87842
855609
178887
176918
856113
220327
858225
850962
142037
228512
887054
417966
340828
741038
173750
82902
541906
925831
991083
402779
422490
855630
12054
613959
772450
761679
711603
35950
180503
664597
755179
809189
51156
122857
220129
994028
678474
956024
20049
879885
206271
823301
377597
8879
616887
334627
123366
78973
772829
640556
819836
63209
742558
883714
458843
130378
180965
544751
65232
764549
753882
777856
649782
910915
558532
480593
847155
34037
804767
419867
24967
399207
682695
724507
437709
394683
511870
883637
937482
926088
660496
442720
551238
935942
344158
882237
327449
528117
231938
590841
683739
922127
992200
230936
579999
242993
687112
155952
204191
674053
8075
57577
813173
733837
63976
634973
58364
225247
872386
484984
514579
218911
261653
973721
218976
273236
249912
930711
302556
570257
333232
4236
978738
6295
108254
463103
654954
219022
73515
939777
405343
941577
541529
506324
441588
877144
185959
525831
153301
10047
399491
245682
497975
484378
760794
883336
328146
8250
861602
516699
373622
434438
126993
349756
75542
212387
902276
27953
606031
364792
816811
417016
981572
506106
583119
920270
24405
743573
351174
375202
906556
388813
213243
335295
974094
27169
215683
344657
923690
781332
462421
903032
221833
403823
395356
802437
652516
136880
57609
563458
474802
479997
736277
349068
423950
349099
915139
969264
910683
214315
693550
729220
300847
476857
393638
638522
120206
462309
246922
438316
637067
968633
40354
109742
11262
502046
732663
159221
323821
355823
907118
524152
848118
175713
803440
183933
294748
323336
888289
899276
881124
374551
155278
595189
29279
780397
374757
317560
153472
210062
42734
827421
365764
135925
894168
365105
331753
375352
1665
770495
475619
331122
377839
428178
716979
314622
286387
812959
46083
753468
108724
17232
689957
251932
393510
690271
324980
751699
249759
485068
968679
369044
811906
671920
287292
533338
648148
671293
790757
182493
592921
365338
895404
964790
965298
240031
510757
830677
781769
906118
298756
855813
582182
444433
145936
543692
874219
358787
289632
351920
352485
988218
604366
697437
819438
909499
64281
610896
531360
506773
907122
671370
961649
683644
975489
719046
404039
1062
614004
695752
148158
581907
831791
680505
530720
224749
104263
736534
867498
2136
369967
426721
803469
80869
659887
324920
102704
24961
52672
987764
68366
77871
706910
45081
838184
168584
158467
981494
116966
875210
107270
636173
796440
174795
285295
660321
634525
92645
115009
359347
549294
752902
675699
743695
341088
739912
799336
431938
999738
675487
200156
190175
409457
605056
244443
937580
298179
529184
700195
406323
123782
300925
475977
353601
635395
889881
489189
194697
367493
763550
119295
382346
399437
584147
68902
563193
78632
256669
352606
466769
604903
478582
904972
861555
599147
387598
716976
804562
566226
178258
828784
21699
103660
670204
41518
947151
706986
316468
307559
435454
605864
466400
86322
688807
341015
472006
280236
589442
801036
727722
274629
64119
567088
100267
540575
245714
307444
999833
831029
66911
329768
900502
410908
741052
882889
923090
967241
44770
461103
93129
749858
570865
506893
137744
578153
300870
334649
239657
700494
279967
826408
8061
142008
580941
464803
610880
340685
270451
146212
865126
137774
606584
323937
72487
758231
405518
689019
712820
755397
117330
563855
789384
490660
992350
329625
820420
329068
87241
411873
219372
333555
564253
788011
297339
823712
698903
299896
198606
126543
227075
539807
167109
976642
431943
220954
412751
968791
999805
777085
32329
512716
261304
16423
672500
996334
55393
363617
864325
902564
15475
885178
155292
562590
806476
667100
582106
563701
557362
185772
737181
829977
970685
79517
278192
356285
465162
351674
839191
89457
364026
57066
604787
451858
497199
991448
206987
621679
343391
392494
639445
778060
819905
341008
487476
269693
64799
877625
730823
689168
404106
780113
750799
267108
284067
760651
902890
449328
579934
325514
525395
384120
62904
396863
125717
715090
822401
248134
837504
993689
365290
648783
965690
90622
174726
376570
597154
875496
681871
175322
331826
468184
600347
182473
41746
694538
233006
622846
62564
765736
471830
678702
15736
642226
897409
762467
206683
52234
604097
71457
994271
378313
920003
710097
29834
782759
347546
656331
629593
331440
371687
831663
925728
876444
362741
31042
938364
892495
167217
311155
34793
36335
528545
441508
768952
941834
283922
95500
523118
240420
465732
600761
55313
9192
293052
415217
977119
954136
61785
658201
881384
567179
720536
952534
105657
55661
84064
405853
863737
323848
358552
913505
311356
456662
805759
773775
432798
512583
523992
724472
165842
275581
191837
368892
761984
55679
131488
959066
598592
266261
762236
62101
644440
589593
465969
604228
455212
831465
409556
51690
211311
339684
253404
496520
66736
890585
497301
296916
795585
875425
229321
822291
671571
871741
724937
909154
506227
385158
689220
910108
160824
900303
559392
792510
79613
480864
152113
812405
514218
6499
579603
759903
532472
881208
179512
478513
860676
173215
209548
867015
934384
170779
732611
501769
279709
754569
601279
914111
422329
164611
52812
202766
614067
541146
358486
804355
642869
405807
471473
195195
109789
113601
544738
885629
465884
282611
359451
575822
792317
547735
670982
741168
168345
455134
811577
475472
80905
973609
455391
379122
116975
420335
315031
76441
929942
555886
3813
429528
558114
791776
985867
272548
420484
609232
982587
690622
385686
658021
528376
119415
373138
585466
102574
814955
525053
177182
122547
606608
664585
59783
951206
294288
925882
330123
314726
54682
572687
674667
122927
213721
144739
908400
758002
347698
560040
18769
772926
449827
503019
125279
245088
770734
142537
732696
208215
449346
186774
618185
497585
116909
677639
148458
824815
728014
282035
533248
719776
711464
377958
930704
939762
453011
365795
187356
985372
852078
201588
841816
386410
983071
423895
469029
974232
68927
509498
548779
602825
392949
411269
465967
289777
759378
637584
541648
259878
927475
279258
161569
429349
567952
979930
553179
617830
515460
963558
601756
250287
373743
338721
309830
734701
684999
144127
983818
13818
511791
79208
29720
199564
571078
164838
206991
81067
624509
38539
153594
700451
374021
988705
736388
305470
175968
709728
519402
535939
330211
753163
521238
613909
6652
426133
500666
893725
625820
830208
829372
297173
806779
911883
107505
161993
308284
809655
339629
928595
908397
927986
941227
286396
505810
636704
274820
979780
694089
216588
617440
427110
886701
612372
88856
104402
564987
973258
812063
230334
630205
767192
944302
288766
379826
521932
707017
442081
673318
318129
826328
286245
856646
243895
453735
266658
549329
25792
449706
121376
162432
51075
443595
408921
909009
51867
368526
557194
931437
177731
740852
337929
279434
811761
702205
622673
206926
739545
253613
390485
857738
762094
318013
529323
885368
822434
204908
351506
227748
184483
1255
43793
558457
66093
351315
970236
465521
50516
495076
319604
980048
543155
672702
508250
816562
712998
700675
886398
248582
400721
953961
634101
581774
320069
57396
629786
840243
500698
321557
771500
465
876532
745044
65978
336894
532640
129262
277937
191684
545002
231506
809587
245406
636371
96031
230089
590643
157452
525280
848743
216999
309631
819915
451320
51428
757124
181047
392724
573278
534265
585266
585790
185939
633649
146138
495368
531816
807374
820590
164185
637549
572223
52334
594107
919243
250078
855685
428438
797595
861041
765220
168608
574878
824276
709500
141842
785992
920848
788101
451885
539442
202796
256325
875896
940274
493330
925569
55911
155523
308653
127647
68197
425753
635971
865014
696531
388707
622715
690294
93113
293081
937779
674457
356736
574472
812958
307165
74300
754613
743921
22995
696304
960218
543235
45901
386384
343537
906525
898611
223635
685993
285805
214088
566239
70291
905141
261444
855456
382543
498191
433404
999357
257492
848685
730193
54118
408549
419958
189814
501828
445154
560158
615078
704658
839328
956864
282210
387679
970831
818480
726686
395906
507965
924834
35023
957874
907060
63283
711638
56013
596959
252202
472237
488910
106482
826132
913221
155562
335105
477799
105175
576121
269820
550963
11111
627564
468601
180052
454613
905695
198936
547494
939447
990414
155191
538319
966445
14517
632357
296005
487632
998363
576623
625919
198247
766044
66950
979218
769720
658329
350883
136954
269588
510799
563684
527989
342303
838466
910248
349637
676235
563324
618063
3098
790728
982354
246574
18106
340460
500216
271225
721150
75678
548035
433310
724893
549050
472002
336379
744613
303901
156349
743891
406472
296267
331682
183450
264044
785601
227746
135498
482652
237944
126010
760300
149909
203143
256056
289410
450008
566737
681117
7367
719062
442535
839661
584538
224700
650667
511203
281482
416282
756992
481747
545989
954493
690846
241513
381860
318487
112399
768450
859946
618102
268672
197446
447731
74922
583290
332842
621632
525905
417072
888220
177773
954877
773160
927943
961971
22647
285255
427421
465179
451578
420092
765459
79155
366386
922522
890157
254642
703502
279499
21904
898734
691861
587895
36673
270654
342228
814212
179910
873344
678369
303950
535455
336310
634495
718722
781403
904183
555612
551059
28374
532016
477459
567901
980822
504509
598436
909942
790315
917707
587609
922438
494420
945968
926087
754563
590525
362956
501353
909392
916340
856556
324776
543331
186204
294435
827072
252719
560712
627974
546026
290319
434186
118748
320558
698744
640654
483215
763218
937403
895997
346209
164570
738809
735308
627588
846841
442959
118934
678396
146334
590251
211086
262505
59396
331949
494942
80324
273969
927767
385774
595244
665810
22621
118224
217575
268087
209635
417981
710637
263540
95481
317162
340225
22917
532180
926508
200668
47081
402495
373290
239514
535850
412175
621220
186284
851213
591372
780920
909446
47556
247375
203881
473743
852918
250548
583092
636878
449608
141827
34104
694139
68914
152784
96641
125473
50669
203369
891731
831695
566188
570720
318478
253475
851097
54706
821032
115237
446852
911516
337258
258516
356204
193091
511543
220644
674965
91484
840314
721237
694537
282066
291334
452670
489536
416404
211299
304263
548834
932555
937536
151540
655111
866958
288428
180434
839818
810936
942904
117005
212515
752951
988258
285442
776761
806452
287652
614859
719341
36231
359073
550420
517492
638482
526086
354730
769929
535363
4826
714558
539485
674441
935265
467465
188668
532995
504305
371273
105647
762233
718961
216333
61015
3344
852132
568254
930890
720027
175664
981029
82609
884229
989486
259142
720141
28775
310119
540916
752873
453976
579138
140078
521459
578155
850964
529289
765660
127635
861450
140507
724658
775479
998399
19077
754267
926019
923421
13225
756768
339517
982916
366616
848796
878527
541742
850772
912902
483428
415577
747295
932583
954010
895079
486890
453275
360345
729354
28957
647038
163356
493704
486295
539578
850585
590924
450832
60883
495910
859817
136010
712100
664156
744006
176930
89697
871206
372358
313556
957055
366919
973022
758357
764150
191730
975438
366956
52143
813261
408511
782282
595477
67785
586181
593536
670882
216249
969804
180321
546335
681820
144356
229230
503603
639805
592290
587755
85320
422610
127088
794829
305642
362956
263239
218805
95277
734461
350891
177197
13310
565331
881481
632481
138581
619435
794805
9497
623465
821941
714369
840166
698186
955025
592774
100508
649268
342596
228263
820966
116632
168787
876769
322613
514459
297485
360078
800124
969392
429273
109792
241742
432293
480909
237290
290078
16509
124747
240267
42845
507715
816052
912798
562334
772263
202498
360222
973133
442726
793171
299735
365867
96693
981772
788602
324732
264266
773487
120569
629594
30535
71490
320897
181336
361133
26130
359747
475476
