394861
790500
468827
375653
124279
506306
963700
3554
504101
566041
473801
677718
213814
171043
194342
356767
635198
847776
626179
621732
507812
897565
73102
773045
551542
578149
951340
187292
862744
504830
896408
889515
385001
594542
322626
99826
535652
583809
579369
563360
269106
135793
692784
975831
657286
732528
184459
950221
427327
76543
357421
979738
627140
264769
524253
803045
777646
704227
526715
332657
152221
60847
131111
496858
354531
158801
227521
425910
681566
731132
84903
740471
295561
191701
905489
936384
772610
111979
914613
298365
8270
538579
893169
609737
644877
941197
41520
108217
469717
84524
481876
666881
218955
518416
322658
936579
612421
390814
964889
71967
687613
667779
743057
410977
160074
896878
529192
582348
974037
607599
170670
667404
173657
253688
86037
897627
909463
839803
367980
724083
441339
962898
588897
228388
720385
952357
18472
772655
598749
958155
162984
971975
103063
446866
81857
253116
832395
82354
988526
619662
551438
385798
74055
526908
251507
85100
853803
422623
942647
228262
895884
59603
719267
246979
928348
417786
68287
792487
184957
440462
141369
369732
321177
779941
450700
53961
434307
278686
489659
308725
194626
440122
481344
339895
762731
396335
426309
480153
583032
183296
957398
350530
339035
3964
11232
774997
435018
480808
310751
380393
400655
429700
428482
190615
964388
552861
793979
403595
387559
128134
168176
980059
919021
296726
600972
282157
678951
28627
879873
929211
262791
942438
712096
908642
55294
752629
50278
858917
833203
912711
631781
638639
813431
512739
446597
37047
466433
725988
20510
375802
505399
792469
900687
328228
700794
713261
10842
7042
509729
952934
1561
155531
990585
646681
209450
775182
560261
210079
207291
664435
349802
119132
235562
912891
8070
705396
655525
304441
385065
507148
660665
57329
142244
840477
25584
405670
807121
713350
871565
978593
195769
896893
810113
364509
75560
648392
93241
662433
390875
490282
121665
894479
136192
169996
127235
528007
798387
186545
127702
603419
676197
96627
681579
309322
817410
637750
822987
92356
138310
999295
334562
620957
886358
958179
716244
590505
302537
574271
317985
294501
622536
745267
950274
395604
111501
878510
976340
466496
789203
771591
86786
985902
337536
555235
17388
188866
278619
72443
589900
713483
917402
926343
85734
437114
262401
267253
604775
122620
37654
672779
882045
456202
208656
746638
663445
10941
975415
712973
536022
58200
685625
83808
581953
537218
16016
679052
620802
115989
826835
625214
298520
375411
801462
659629
997725
662388
559680
71587
683930
327434
436502
607312
519728
412088
617077
280799
802931
721390
188594
459045
566323
36348
786033
753537
420989
235853
376999
382463
913032
857912
746846
422145
281336
619845
548592
84620
349693
357833
487071
914111
846023
32697
346334
285160
958654
906644
214256
135175
727737
775537
309193
998611
373102
546727
365653
820373
67906
406658
530746
728564
663569
877376
871546
494844
92423
782897
40944
989832
344508
709205
508088
759505
448699
300654
631851
663711
192766
401951
695734
383214
884689
582315
997613
600676
858402
399506
626286
597723
510696
311870
270602
902761
585167
515573
381503
642174
753650
147978
572825
814939
244625
338064
271585
826844
222917
197550
676426
546285
569453
183456
329523
859158
972368
662094
940812
446688
686947
662094
395276
667719
513739
270396
732203
606539
502562
716367
119965
877013
724828
484061
685220
217643
389007
39104
198118
532328
245236
535232
565382
999148
839291
449264
264073
104078
65880
574549
259720
675053
849119
806506
790276
989969
692218
88014
891120
585325
715985
313715
567464
76878
169596
239877
910564
274178
910219
274574
218091
769276
658398
264381
725251
393323
329630
518160
800893
884204
944942
178448
212760
874835
345956
398495
321672
569886
851266
600538
837862
318762
511948
780886
416004
374245
475656
552398
200574
899822
776315
869978
872113
53728
492235
509950
239023
11078
437348
610657
979901
230792
785405
553435
686185
693367
774857
684467
231154
780899
595804
855022
508612
367594
401839
573887
797942
654970
846950
662398
676941
560234
328692
36499
440037
672017
966399
256656
72008
779552
526151
243479
937162
368508
173925
533006
448469
709626
234717
193199
512657
61992
544540
308972
979213
289910
491895
689049
513204
196383
995863
216802
640006
784302
351358
319969
348838
194834
249594
208187
815029
200928
15141
406884
803008
427172
314191
140097
978096
116435
785854
495784
991428
980637
458225
837995
902563
190180
329485
513075
17065
146535
317844
678166
547410
591565
637329
220506
480390
263180
714022
879860
89274
628362
620272
807348
686816
521938
833444
899524
42837
671907
415571
63389
934582
9657
400428
726746
183169
377946
438975
925504
173943
995933
236182
89147
897545
430726
218314
396772
956279
707769
411751
181781
892727
572499
78955
757436
914445
333617
304269
100511
437170
680546
179565
862128
97511
203408
136201
245159
130210
608784
185532
211148
653460
650841
466372
568737
426131
786470
887956
511661
384071
998781
887611
929138
836024
891724
708312
77488
288001
427144
4004
572019
334768
57296
114004
519762
857181
934654
587547
372551
750875
361655
395317
595708
377581
512040
389509
153558
243298
272690
560954
395033
220693
354094
739920
926784
836919
971783
148020
253645
957304
981133
686395
604662
475526
82067
429174
168973
975365
705273
591092
504515
177950
725609
966910
807734
760591
55138
659514
537124
505375
819729
273665
107304
288615
415975
431119
125620
345502
27598
632921
452947
105790
432814
335412
635894
639932
643475
880563
266999
95635
424039
671271
938649
155948
36975
772574
795632
472211
819617
371048
42076
99623
997311
663452
983102
661297
110817
593808
568362
207784
414814
946018
351260
449627
850195
388857
588363
994324
213342
904760
434868
889165
356369
758667
572865
957137
607216
739781
896813
476155
82470
553090
720334
506081
729332
716191
642215
250896
109834
164925
410741
231830
376538
90125
86245
833077
387075
853710
182257
216213
19969
820239
901605
766466
865376
361007
146839
667529
207504
986599
819868
259440
508243
560564
617378
663513
618410
19728
950956
45167
593280
505977
27879
52395
850121
238069
488378
762390
268637
385591
445286
405663
814093
842694
732590
419622
497454
637376
501181
239168
263598
983776
103819
736902
687106
813238
50694
826086
622748
287014
416672
321815
743847
15177
737450
556040
714625
97040
114129
280295
659047
393685
308945
307860
673978
192638
939698
870230
707265
156412
859631
949367
366173
238561
302354
962905
472938
767123
262419
446900
149064
