49222
825958
796966
393930
43430
654692
686601
22106
162886
158099
482452
456094
415500
988168
24110
107567
523470
887861
952083
443754
649506
858745
569602
896808
717737
335708
637489
93803
962915
866118
800714
6939
218904
875889
710201
17209
645988
224026
859210
561227
767923
117158
165506
429940
563052
117429
922032
346655
856758
581878
993314
246374
99627
448188
1101
124985
932254
867146
129806
545888
59248
304338
112252
25629
736701
676036
403197
918280
741863
487571
501005
723213
676054
675605
771129
752557
536883
48971
514856
719909
178303
806147
710266
479763
591745
159278
305879
825585
198423
180524
887048
98239
830849
327745
145512
941556
432879
162034
131250
371724
526351
110130
205460
702425
128880
86274
772426
297848
455255
731013
143078
691636
846375
793632
168413
363360
1424
807651
57012
721850
909474
248584
537559
67106
84471
713066
866683
283354
441306
796403
711529
144908
948689
305520
305996
747708
272621
765210
348503
94405
230512
61311
282091
75333
756290
817688
910453
805825
137046
462343
269035
542175
244940
419533
246663
30102
907324
50967
199419
475813
606294
302166
462611
167020
458025
13463
684587
690783
904949
121512
784159
904426
567207
743600
100023
2043
528753
972368
716586
322767
727474
747337
130712
101236
343480
704615
450708
661356
752567
19615
842214
699290
908353
247734
146792
60271
505553
888843
242331
461217
654965
779365
693581
851035
165572
185883
463779
260915
397873
165510
568936
527007
296321
334299
780873
697695
534929
781840
206476
283383
703107
353993
841214
143696
834664
415122
764449
545283
516573
286397
390706
549464
949548
34773
48331
852551
367655
12689
780843
944374
784437
176995
837906
685640
867420
698562
570718
962184
447279
559335
420471
838345
980440
657044
859008
385110
525451
577780
971993
502214
380002
857418
71222
28466
201488
575602
878527
51927
920009
184809
619802
259739
497018
361245
189943
992597
306145
867873
46581
597878
947661
35938
315239
435839
930948
273030
443360
454436
671648
287853
963532
487442
848168
948501
244186
772686
962279
940069
634441
718622
884440
750249
627304
269426
337280
798050
917431
488883
754192
377320
258026
816276
210592
452598
922709
450160
510664
208670
366040
906282
516444
738637
777551
117373
68036
294976
349036
874249
954458
578150
197359
589616
947
213268
275806
72368
4473
897570
5652
965776
523726
161549
22179
674211
371949
640372
110272
694914
444934
280177
407429
211863
521587
120639
599414
93907
753668
18513
604221
597967
996839
15923
939310
992804
649387
75940
793800
83983
619262
886808
303598
338837
583442
178196
460237
106691
797776
750012
60895
873970
882351
886522
146040
146961
748034
451655
426681
650333
942783
105980
514708
804983
724371
923383
883663
692247
680154
651349
751038
269461
525512
557734
259763
338602
845239
273584
659511
293723
95694
837982
429876
647609
403358
792017
132296
525335
943489
601355
487528
654989
532183
655546
36145
934912
110904
604873
102235
701379
923005
220631
58038
877109
118300
565938
206069
948374
456234
12112
685902
466305
387600
813846
353903
632657
445080
446664
661154
815275
95148
749379
999059
337548
399729
10364
715142
938338
516400
48832
315304
140204
834774
976956
578380
751059
825522
984037
442939
319498
546173
232182
939431
86015
115852
319980
488070
717770
895771
951398
68714
734225
559263
639612
904986
426447
658609
878886
412347
759289
972410
674630
508279
648700
801455
576507
554935
370652
79241
864166
399384
406183
307076
410741
141392
106313
979152
360123
4971
785271
3280
371472
569466
140937
535269
743556
183675
113348
303568
818685
308782
635470
319074
211516
84839
898365
692513
66843
517386
425123
820895
149110
844868
478028
622210
33174
202882
719658
678460
351475
268374
437033
550228
390721
385136
301967
247163
869034
718585
679761
377671
359683
827429
970019
649281
922585
681065
991400
382784
1826
419780
672280
565327
908761
669511
601290
491924
554352
416022
71268
675612
867294
346659
723325
113280
522994
771399
431478
769837
263137
418462
559406
906397
457288
411906
310089
247786
725252
817363
973084
220989
792938
552611
410937
293014
73114
228802
838156
198688
479845
625268
548401
531403
645153
441279
167089
595891
744146
252365
880492
675885
468500
869790
246634
428118
328746
210276
390378
175168
334705
418143
149040
976832
604402
247073
247524
333836
952518
676104
617461
464678
99457
779977
68467
378740
360262
448381
905148
981359
545607
920720
622437
95540
380928
136169
522843
589490
841159
946165
433460
861532
524556
393539
821521
928929
52176
241736
575540
279630
357502
828422
36158
229782
733984
170341
933764
667946
454191
738367
338700
186712
216583
250253
958012
57519
649210
894083
614676
778733
872256
584882
35214
784676
269067
63209
86343
395148
95955
534323
306036
578932
196897
657690
77090
843783
921902
51630
350233
239287
794163
250767
483270
60728
147677
688229
81385
260843
457328
215045
381512
891585
581780
141169
143891
833632
177620
820542
524110
296508
588079
128032
272699
174329
318728
860193
889052
870195
639832
403974
412285
592454
106050
323714
518235
75726
302600
705101
520228
391148
158502
705181
315576
548069
122356
603276
591607
985718
610455
163528
344987
323253
75117
284860
67376
21317
172331
970299
947441
701025
77896
943927
286768
847664
706287
821230
513177
899077
631371
55065
538353
134937
367499
680292
967390
56914
216537
637790
884474
95657
597989
750510
337507
372246
695101
473459
71727
160726
510909
899285
39767
201739
904832
205937
724051
936045
199868
326414
812484
184421
804040
787006
159444
223080
445395
54730
542811
621061
501824
515735
412293
793015
471285
850973
266864
476929
492274
673416
921385
796533
115904
268075
293024
968890
997548
312861
772401
860410
866388
446657
782027
896288
769602
64094
174690
649161
377105
81054
186580
128564
815363
137514
504190
305350
494441
460105
953283
881291
184753
589609
407603
480067
601932
848923
441119
913586
965379
955399
889892
327671
873197
997258
886666
10261
518847
393369
268457
707150
409288
629807
401258
893156
864189
512676
944675
28773
932761
392383
588702
324058
118558
379351
660116
325916
615445
710833
371934
340673
974773
963578
902855
438773
684506
928496
864303
933781
245528
852010
3393
690257
159616
190854
187283
555366
442187
819272
330323
868115
262076
47816
244971
650441
95292
631066
446340
424860
700948
766980
558908
507736
921595
677518
212072
405327
267900
363238
610395
174714
833265
871111
167482
833961
914573
331184
912954
9217
711775
360065
893100
411137
728035
999439
82807
401006
90356
776220
441873
207690
10968
264819
460136
753092
244130
406684
399798
185279
329250
833383
21469
121147
334276
717479
710548
32959
925979
524275
864848
116532
491291
993416
47843
895333
186845
562261
93335
717102
322003
588225
194128
824209
234149
92944
501723
748519
353019
281635
811652
709606
482375
373366
61607
182872
881021
160787
273620
648566
875647
706428
805943
565611
604461
248102
809657
341033
96677
550663
69987
281625
469275
186916
258122
226153
237580
707931
657446
978300
531866
192396
697937
280140
807869
294149
796613
336253
762581
528822
127842
193310
592548
150587
853355
311747
755008
165252
931309
211384
800527
651126
165680
90454
943327
402495
753227
683080
572628
736604
67711
801462
892596
225727
560274
745629
224000
615908
97814
30577
917996
423073
587525
704801
800470
312244
352641
675102
259503
680738
870567
861710
385794
164918
155864
117394
53141
824884
337404
18073
903462
380008
467573
589300
483889
445261
148856
698280
40298
775853
117029
329718
445197
147863
597066
422975
723777
416482
488079
333449
596642
118680
949252
903518
403106
67959
571376
923031
972983
702754
738531
341532
82915
228349
105041
476743
642250
374162
986648
56620
540300
372307
563242
304730
547980
745129
540877
914611
303482
43639
308528
917064
350073
424483
824413
11473
579946
896657
276129
284201
150677
363552
531137
488777
761729
818243
219358
485412
507197
554656
502468
451678
922311
981673
949993
783959
127606
899764
181335
226832
526909
105586
124902
52469
679939
495337
338768
972622
27729
477793
316428
33525
813023
348455
768561
670269
381052
848854
296817
795186
409949
708512
702576
963280
400374
400916
570969
168152
306265
416309
996773
385760
868638
714849
416846
287604
81994
743897
281580
176791
54690
697117
948032
813611
669617
470631
567904
910265
314421
967585
32777
810462
64803
178268
841644
104166
239245
978704
451955
385373
55241
325010
294565
954250
614326
988125
104202
346786
735489
369427
217690
875031
395154
647500
258434
577775
695025
893598
254553
537588
584238
33108
14709
280035
420349
492997
630379
201269
471393
61755
683069
252810
832582
871507
879245
993503
261016
796581
882290
834523
752594
559557
865924
357930
517861
582967
424610
855157
18015
276079
257687
477162
44518
979887
92494
303535
942393
641272
852908
905666
540558
976882
931652
219932
105691
997200
718456
142653
572538
57369
26035
165633
758487
344828
292026
495029
473741
437855
276128
282040
177244
613076
340569
983574
975357
889119
829971
242702
104539
891282
714786
919821
793654
493795
627913
785847
414269
627242
62787
404939
408400
397330
528664
540252
588391
430374
286947
867966
518603
937036
311369
526203
53784
260013
981
574528
307329
571113
188590
64111
214712
270500
221648
815045
985236
279048
584360
227082
463972
200004
266753
503341
441020
695063
126817
67756
630144
752408
65787
973311
974740
510288
215802
455795
159109
663877
945658
845677
150888
15893
370680
704812
51006
425915
846314
385679
254020
423595
977976
554594
158259
387734
94080
118257
591445
885537
786935
969315
562543
968153
524255
839092
278888
423454
434225
791079
200049
430041
662038
434811
219283
796605
225552
322861
677410
999230
101937
894351
315767
987971
870587
448894
503505
717751
435456
69320
524176
863830
807216
648541
732331
692700
953992
452926
545050
176429
904832
774156
252992
858561
918196
212347
373988
201056
688824
608299
273771
915151
886841
586559
168991
624108
397221
862888
171735
777394
912732
339586
176861
546242
618224
551954
438485
947858
714050
555931
192269
998253
328400
176958
99989
853165
396195
849880
829139
34584
515116
175144
18980
300801
124025
374055
346404
667126
334425
24709
922202
368605
198829
353600
725927
995504
822563
330435
534156
553348
837569
590051
775441
778792
735029
526865
617047
67951
336920
825495
191499
111335
582986
482583
983105
576735
963175
435638
656046
263748
885370
412067
460673
686377
82703
762932
547295
128979
563031
305746
811957
95075
883960
992191
64694
235602
943917
591989
417331
527271
37266
378340
215129
661162
568762
398908
778097
239494
761814
764084
903246
191060
119285
880168
538819
973083
549005
909602
830411
513044
87587
232985
682107
679777
568313
415542
109999
352494
279004
781056
471920
302279
172903
6155
641139
572493
948609
664249
963493
283311
426573
55371
383793
285960
533011
159978
245935
26661
862806
852137
921638
448229
832318
322519
72577
504344
428252
63619
545430
68729
476855
791646
237384
920731
719376
662117
726346
838382
371305
811299
630804
802066
37928
463071
555118
388549
515826
782798
665803
579261
949683
113895
16355
443955
809696
936715
509681
110673
919461
646472
995057
870102
716904
193377
952548
478513
545218
517654
668565
29029
370596
264825
890883
450656
369812
597820
964273
246037
333791
189397
300633
461389
339882
486490
390207
273431
823508
571926
866439
579788
975612
903958
179477
132608
684058
289841
297284
899361
977858
166567
660021
344614
811113
274187
372543
941617
84511
416338
361539
426869
226533
378165
617867
545469
450500
336572
555158
456461
94070
595699
226617
415977
659625
461238
63191
259112
167790
576727
774868
622225
550262
905364
620912
310359
869073
468661
550003
24060
912310
903368
279677
749073
278007
925082
317241
389462
683484
851399
222773
952025
844524
215568
901552
351403
910758
372614
7734
853682
864656
259927
282503
277395
694060
963827
394061
333933
411709
857869
948684
502264
651444
977823
90568
245481
260035
569339
243403
219547
593994
288894
579723
209444
670810
446689
141565
350117
835121
654855
103599
404891
896937
881029
186774
345407
800673
74596
557735
418217
162484
765229
250351
299666
748425
859669
739374
182549
583926
814690
701177
313368
7736
377928
852256
205786
465367
52685
421836
494850
277698
671352
340739
880167
439578
714971
24317
657345
350827
854470
715993
692698
846611
673417
169375
331970
316197
670184
54179
10552
320571
748233
354786
76560
184758
895636
543740
722062
776422
916258
983159
565502
908943
145973
599751
481053
740122
114474
620484
990058
612266
233961
377830
58993
147890
295488
29151
344592
505080
409968
174690
138872
997733
489549
816458
509012
598119
518466
616737
223512
553194
572819
440249
485041
297281
12736
237573
805955
47680
774846
691220
295076
174792
808671
793444
336608
45027
546873
271692
784215
197977
6418
148591
861975
306033
316338
408739
171544
137587
28297
1412
916941
714587
957216
920702
540962
850242
884652
432446
969624
38475
753162
287630
718414
866046
593825
90616
113256
15329
147089
142344
390436
309368
104742
200247
310668
149869
917627
926115
256295
955803
964789
831104
612999
237066
399
441578
100928
697799
316814
752349
43816
340539
96322
876466
671867
565739
624379
844306
165432
356309
995686
544273
12838
604416
869015
73861
836431
838698
960114
522079
626440
982389
358619
295525
829641
572441
231011
763263
601362
734143
831941
228464
908956
20391
910171
705051
821625
101253
551311
434321
239196
20159
493683
481528
759372
830845
41947
483029
569917
200906
66247
206880
881316
722673
557519
649944
900102
787104
741857
538284
18742
672818
659047
844266
85665
661955
583599
146828
916724
304750
513915
373387
438678
351699
933085
949434
191004
379145
134677
823716
715963
690631
407243
449530
456212
9170
159822
693399
846032
934143
369616
634539
855146
913590
381358
198432
725746
680321
21313
706514
983827
37863
883571
198120
277933
307902
39119
262334
448998
113252
771063
296142
147953
239240
868110
16859
247310
330206
722889
923407
356467
619307
610945
907492
339002
298529
551487
367811
889648
175526
61579
992940
131598
640238
759028
124688
557172
188740
803706
846686
697219
94291
420388
494064
217570
657955
393882
57290
117321
401345
219396
889147
629705
636931
437971
912566
460710
630731
818990
662839
790353
877832
227131
440215
158455
553819
376165
380352
310301
678334
422029
998583
579367
187732
358888
300913
599938
355253
991643
749430
457406
68480
34135
881702
53960
59082
396933
170166
676296
911249
122176
768233
73461
670599
482709
842644
131474
252531
834221
198775
499164
583337
442738
986211
179562
667183
221507
66235
714776
972584
725386
674949
161725
749954
955152
800988
77227
19433
338143
785293
340913
403735
701105
845010
856655
907636
930656
861063
394647
605848
330515
962505
385387
502105
341324
396710
577509
687365
247168
663570
114915
582737
662828
393992
96842
369562
296060
763135
693057
838838
769417
522097
473679
330172
716409
844669
688618
939148
156911
358950
277224
625782
933306
874340
718637
403205
810840
233328
427900
699580
4189
254068
990675
508901
544546
888387
89880
640859
851580
326590
427378
933723
872276
550329
497638
73518
90240
944659
700772
560236
485125
449874
483558
274901
259988
687676
219259
510930
555203
578440
561903
389280
686198
370401
734646
623519
429962
941369
951049
245444
834758
147211
261421
441623
189980
452949
446758
873926
686689
68234
197962
301475
111257
794653
793616
737578
574954
664630
871067
360469
827873
33962
674883
335062
214665
936937
573921
801561
369230
353775
243507
297317
282637
746929
705124
951887
411742
435161
994123
788013
972506
729157
157558
659992
487584
923855
962707
397062
644531
980850
177802
327445
792402
21098
870952
834997
544961
801383
745805
284728
636354
163391
378986
419145
146027
840999
747931
164731
843772
809581
201027
581875
633473
821209
634145
300371
149933
456363
865358
272203
116004
681793
922643
536800
807825
510331
168349
821520
404688
78202
772614
135388
459157
73210
625408
812675
910294
619569
714192
193371
706088
568740
827984
869963
157445
898341
213039
532612
517537
96887
778741
771723
387945
74738
603679
190092
62065
394622
226379
134951
451655
391945
539367
336566
632375
256100
569534
807547
160047
615963
621614
264263
753311
338575
250054
755027
612365
983769
15387
895687
304885
351346
881487
760407
219730
325704
509647
384672
940847
780251
703564
870545
811975
546717
71917
894185
311627
292161
773066
247504
347744
691719
647875
794219
724533
933562
923886
601636
204284
104136
541182
746698
953163
721343
432763
274382
502133
95537
33979
570562
323981
386740
182710
689655
90875
778079
408972
577884
241901
746954
873879
655401
804731
366047
424733
224836
480530
984450
107681
11419
218825
294172
901468
113572
215017
439221
783534
305022
450863
647407
803880
113140
324316
384920
938647
166628
488795
812364
169368
3745
788650
104262
817194
419632
905649
122921
712238
392893
291253
368559
706413
387601
739882
643612
981971
26743
670549
330071
512564
701992
697741
369053
317174
629961
497169
663678
20586
191741
499185
458123
758956
157155
725359
87707
370289
828149
886910
718369
791806
876361
145484
838456
424705
439985
938983
593448
404749
674168
688876
863905
955549
338329
786566
978433
208640
239088
413461
401508
716288
834316
51982
699879
116608
195322
567572
885396
241281
15498
461281
763830
415173
811764
650758
713695
307763
895446
97536
20440
332594
274225
738852
721192
910495
462862
123355
105340
781075
515974
525183
952687
763971
723975
529254
267326
492576
731248
872672
199980
650808
632328
460142
322753
738234
868005
81977
924920
904907
485422
816574
473861
250305
488044
660756
38312
765297
375432
60387
66085
497002
877210
28018
833528
282253
416573
925430
991478
692540
743343
940955
138136
691396
450777
295641
953990
257140
961551
514517
81454
641831
44276
339992
368986
157754
672954
18656
66002
637501
991565
849651
480727
581031
373595
933488
531629
601937
5901
522839
290606
38903
8095
686965
466722
161742
645271
136574
285258
187385
207814
807669
745330
245500
611722
677179
745255
278371
865794
34077
472453
407843
524310
558778
226945
817851
249576
198745
578489
109745
341217
425068
523533
45973
294580
316514
470286
679688
326473
315528
567572
663095
735196
71380
396972
627586
521586
554198
492935
576528
461665
490737
944615
467988
216007
596331
280833
966695
769549
908802
793400
880707
970708
228676
835992
609489
132032
896029
66741
320940
661605
653376
525140
989517
745075
329938
635737
866111
340093
670816
520369
358764
312751
900542
674079
884080
72179
463498
544001
808591
188352
827994
225739
996347
401634
588846
258470
57407
385576
902512
662856
564382
110177
223893
127458
79984
681053
468055
966803
37835
141138
911726
101602
208768
897337
630033
440168
80919
192622
565802
419478
29879
786280
999149
727524
449753
715808
393456
383126
429842
738457
799845
67477
766578
599763
146883
272951
242273
406896
998653
229442
576943
692359
643388
87627
221570
696661
86718
631430
169071
140322
205867
483667
45075
72087
666658
260747
477445
955219
456192
839374
538714
635196
680252
323441
991900
778748
361055
920967
330785
994952
528467
641836
94117
391346
369762
784794
774495
271116
368439
237822
694727
358127
449120
847873
476784
348908
918147
468000
357205
10913
849726
171634
3858
179826
250396
732548
238686
448415
441928
661498
751171
44491
257560
298709
320956
615764
95477
568815
817109
922643
795161
804960
847133
333240
861695
78328
898395
407147
27187
924553
674526
374806
757041
277887
4269
118408
51681
140256
804971
810838
81704
68447
206220
554931
549102
348535
499834
811137
79437
420858
631864
175010
219085
241253
407261
710576
408142
927974
259217
170452
668022
963274
655941
516494
605471
551454
218311
840722
228251
330975
229135
592784
954331
219225
279767
735523
19685
721059
328223
66458
994369
955446
105436
397730
335707
380843
238049
696109
772811
525553
505324
325176
472191
564458
597393
923546
98184
352527
288888
65002
895632
928237
923435
406571
952665
775777
507512
98454
635416
310647
922425
587519
998341
977759
858021
765215
425744
983860
324938
798007
346840
93459
72654
580594
153986
900907
970608
992114
412692
985499
38875
486095
477887
725187
665607
805350
428677
641972
93986
809232
276619
95850
706880
695877
529589
560848
143032
874880
425870
551190
266776
27984
88760
229184
477857
162123
120857
101630
721481
388739
951524
149933
881367
69788
451315
638532
406093
467678
992692
371147
768089
686494
910400
929890
338328
534326
469488
833270
821706
464111
948962
326803
500540
556249
939252
240970
974406
417908
641362
404237
337817
754575
559064
578646
730108
729263
905484
654199
496924
859584
231290
924749
77220
597111
7362
989165
881409
853178
710116
946261
956506
458032
814551
733388
390848
40611
292591
163517
177702
104317
912913
762100
728246
944059
628864
994774
665776
955418
280478
177541
359929
416368
362781
794741
65983
840763
137605
52217
648855
76710
560210
341491
818140
66618
758445
486863
375010
520504
252640
142642
381802
702
701239
937629
661552
719539
364943
980314
361228
964456
765653
866212
443769
986497
566499
358720
710420
47965
651837
547630
529067
204346
701743
71487
53993
321470
118092
528541
117677
98706
253260
69820
904943
812497
731286
680548
548628
14042
654423
32386
897615
750040
170789
150537
603330
56906
989613
467287
621046
468132
820954
106287
854143
298636
947993
115710
170603
476239
343865
650146
37882
254131
718183
290177
703870
695474
212099
839981
497454
19526
492519
170861
859595
997085
609861
473525
838962
285094
531388
903593
656023
547924
866720
125874
575281
821711
840547
164769
312466
473543
776507
689428
758052
410231
412404
515286
363350
479668
500117
818189
489250
993047
697035
307813
102891
127319
924767
397163
31091
670691
351975
271429
737910
829214
247853
379247
616881
373426
262897
302716
397550
34850
487018
776708
428690
961360
219724
61244
751688
999889
326151
714332
136271
665165
776219
865148
527688
281738
201752
538455
40025
505970
704865
974325
294977
251315
834898
992878
532763
126270
696443
820998
805311
642600
197854
996699
283887
357045
933969
30372
453950
337831
765991
347083
845711
308893
947300
171398
827252
284710
660433
775209
217376
86908
769717
212683
890594
697128
699032
671420
830584
917308
359957
44363
898049
947153
22234
171207
703704
330557
230
460365
508835
260225
747553
193210
93528
334114
533006
412501
373723
519201
445000
298934
205755
514138
837039
835870
127279
501619
570770
130062
883864
921745
830646
198178
349338
632147
209089
388975
325198
674250
831190
910853
165157
31252
303642
68609
460780
243349
659495
215893
146049
952186
34755
767599
13335
355837
548859
623005
532775
712625
623567
577267
672356
3403
595179
58999
337680
396056
684726
663522
123020
946313
501367
853773
736809
910534
719125
292207
748641
989861
743895
277790
146104
227157
249144
888581
659679
289300
580310
240728
99999
648461
671049
717894
878000
47576
917992
64193
791144
621153
775805
940006
83927
928108
737211
267048
141767
143767
349725
584258
238118
710770
471525
784660
423228
211805
961384
230285
70744
514886
660836
263425
772551
633758
267912
437519
944103
41931
364284
67293
670854
589236
221575
795539
432932
870357
295338
8366
502707
857518
425467
593715
665796
730927
293099
262676
388275
714850
189480
275972
453625
43662
612302
664267
788342
512184
160448
25528
13733
8425
474258
722578
143406
992806
967960
287814
582818
629192
417904
627985
759159
464966
821074
185289
769337
394374
574267
751895
959308
487060
988854
39342
971259
349050
803486
317464
445746
266622
459573
620375
627116
315554
200482
230649
957942
258030
948287
246815
791208
516311
28514
234957
205857
762990
525060
275986
496204
517513
693685
774550
858666
692606
462494
88957
335145
782338
980467
339857
630306
396728
135407
701092
379190
769083
695265
872574
445350
115991
68561
253164
410067
128501
851316
690538
320864
7903
863018
935493
79230
910908
234259
666411
56008
145190
539159
181877
656995
108388
559532
199073
824605
540031
460560
773243
489865
239762
1642
850408
798488
466944
670948
486370
57525
152638
532947
145623
966187
358708
710886
39034
227436
406383
101714
886952
178074
937350
473740
564807
119366
619579
310325
198945
921335
281635
774253
184219
967994
743214
350181
783911
525180
705525
70205
159954
881851
385575
559370
231360
801891
602419
251330
279389
804862
371453
386159
516784
836920
28512
67563
502117
622201
270694
321029
59153
113421
579303
175529
792731
556526
229845
424618
403928
146408
286737
468525
787811
983838
838590
113020
565945
642839
81991
323273
571021
124970
929480
677172
846639
470761
756090
195207
88303
729311
320386
889507
644446
210789
93519
579096
412135
462480
79229
298042
753785
995090
103458
219439
227870
526841
558555
939945
59502
135050
71630
186074
897252
15739
165921
604815
46299
29766
734768
299647
367008
976498
477000
824388
793853
588330
605387
712437
732718
315280
754141
151142
892760
890672
445407
874593
330956
876241
796107
432624
117639
727228
129242
391359
801397
570578
634651
831179
310198
771805
628068
127175
910616
3729
832767
370140
366537
914814
481723
812849
81241
260132
22650
775798
863470
169647
368252
984104
16364
465605
606952
538565
480972
605574
29403
143145
167207
273037
868875
311726
713267
5299
684815
459859
64817
120916
352990
314849
409382
388943
499412
90678
105206
56264
220397
442404
473834
76733
543575
699667
403426
932648
220923
651962
821642
37390
712750
707601
429392
842608
945031
843593
273822
153915
627539
622065
82076
100791
253633
141542
717202
331220
946530
520662
576341
715798
141240
530496
43639
342877
329108
109118
488757
215048
177049
482905
39676
777001
289901
874585
947910
590488
10599
629575
29120
673826
425640
563022
578116
693620
676531
635030
206070
613407
237459
869442
992682
515901
390495
781196
455628
320907
415873
559024
659258
850556
568353
442085
923576
201127
304333
257135
342112
250096
634361
432970
178221
608410
109633
182942
387182
856589
915943
409140
593044
220390
750087
978229
205865
334063
726026
162523
179631
849842
817386
830623
398628
841635
925428
275778
178812
560212
318021
139559
626634
689716
155441
821155
549380
787110
928872
216954
717154
92564
345559
960652
732479
512629
109912
175810
273160
11781
768817
525819
514041
972529
931393
175783
370405
510022
383229
516468
622970
463532
922088
363946
561356
545032
643666
212502
498682
472749
231577
658834
871814
843622
983520
568027
63215
508757
363938
846812
367329
424807
423622
242372
281657
744623
450995
171720
76817
493587
734989
594433
234769
476490
717431
810358
867930
801062
121465
932274
950491
499350
180050
85787
251943
783943
94777
130816
60330
696107
560840
930962
417753
991303
457032
7834
149539
816026
450714
149870
27118
843385
276886
48725
209665
918225
928634
740348
674009
600418
358816
661535
68649
44564
989243
914786
329688
481462
785087
660228
703232
702127
763048
146540
554866
3773
978533
680927
640297
588979
778761
809163
348034
912999
145234
189108
911795
354049
247833
777886
334322
114121
918887
754949
678439
720096
549176
969840
508254
318409
27942
956323
389452
986629
917954
687564
818623
824679
283092
198907
835175
925315
843277
458300
720205
844570
698969
540031
615611
122609
690090
283186
603650
233711
930696
269227
887745
330133
56182
361852
279604
7763
812639
956625
234843
872791
141921
791872
408106
492612
626195
33484
18708
808716
95660
931641
984330
492728
122178
420937
866861
709208
235587
80959
215981
354661
490967
17904
937014
56093
57186
269658
707946
712267
811734
748124
278125
825038
720542
487802
242018
646365
60097
315678
809694
998048
282181
340136
780062
155351
758166
999657
230827
703382
966451
925997
816125
540339
688756
901263
887035
931267
343170
927821
388707
296868
683569
131546
163081
456392
999578
79313
531627
858919
257702
926703
190025
416819
251705
684843
546520
527904
703749
837251
576560
686910
213423
240039
20332
245254
56178
368334
907112
350614
580242
977040
452839
427203
469443
922589
735227
180274
314832
584909
550286
507766
796978
396005
665173
582350
719813
635363
883314
639965
365011
340576
498353
801236
76673
155582
771314
134874
929889
434514
794802
898948
368373
860607
465327
103467
574699
49892
643101
359487
295593
793163
181670
132005
778505
181861
781430
275648
24201
119176
705042
678298
475062
941953
485787
33456
708822
933790
187751
421057
344528
341676
454706
697296
12812
831954
749614
461904
425409
893878
182893
322296
757017
127080
556633
392845
563601
760206
681609
130733
30773
799546
168750
56328
429139
693123
621859
118809
954099
628606
606660
912075
247113
551180
761178
136791
646571
33316
471247
548155
258978
375666
276553
66267
243905
488844
905414
479059
716357
287895
451645
551443
172849
261604
896860
709295
18685
655501
88215
173538
992867
456943
67081
103480
448958
375824
237078
936781
61232
703684
282636
909164
303706
614563
423154
823546
197023
306531
188615
628704
130867
439986
532201
809658
855325
465559
124324
320900
642792
8440
338759
222740
632761
738443
166066
541472
873593
454070
625826
902272
647259
91728
517817
803894
19023
386754
416049
728647
744823
714810
168845
147880
723767
509041
606615
569155
93696
311131
187398
624460
617642
281625
769056
766087
294033
364931
296925
615220
716818
615994
530912
967364
296397
795864
168256
558478
201797
247712
434702
690524
97258
118361
795762
110376
517571
634302
63649
888483
964349
191592
725975
603897
944057
398803
346907
393286
716018
364104
232292
971228
34584
264611
375852
686836
132034
552907
77386
263784
102989
423479
552119
257826
652838
80293
603657
957774
448281
941334
952895
14115
757298
794465
530189
928405
690282
378541
206785
960682
958864
700487
951489
350981
382711
728385
229793
933311
283899
63682
56826
432226
935089
894051
996578
503963
386466
305895
854999
85383
360044
591847
603299
772097
714653
807850
899139
735892
116577
739975
25685
913630
376750
513547
859282
763808
472558
561611
231106
469872
353488
828405
192323
498965
594943
882678
522304
84161
807110
809065
515627
296728
998262
124077
705039
81061
270765
730003
318959
830451
360610
79634
161261
542670
434652
773930
781046
75033
40451
100247
12705
401083
490377
441937
294948
342355
643927
217138
497981
64310
97112
904621
217660
235139
694850
408522
962786
85935
263779
33510
729354
411559
149881
267306
671105
323486
75347
954522
812803
194487
392238
871124
174334
283542
605542
901493
397855
854114
327418
514424
879598
516267
360614
978984
392357
513842
509662
583616
341996
5632
715928
970557
860835
609572
647274
997003
197842
396078
561571
227888
53197
783504
984153
708166
931743
796573
799204
53787
67557
639203
968139
769463
192488
384614
113955
265164
732191
342843
998373
336429
869321
875845
288047
522378
116054
815567
64442
252995
845928
429440
316023
138469
751815
662652
814283
671869
275802
284100
166748
192327
510078
913573
759757
893065
916351
831949
310588
891327
513975
741101
443607
867339
393668
792787
220316
549286
681701
570490
720065
253347
665914
790961
839821
380071
907148
112476
454541
180723
241528
347206
911427
343900
564296
389475
999402
54862
430803
833828
557432
799253
467063
454846
464946
530013
133294
103089
989300
163428
883408
801811
13747
802766
80201
731101
644764
259149
323664
349980
219118
777814
752540
960185
368613
595497
8934
714607
615210
435589
250808
571340
783834
538878
730224
337078
87886
177798
252497
229273
617382
351632
373516
4959
609654
216710
760316
955165
650730
283772
330288
503341
615817
140680
240925
211443
619808
37370
389808
991742
988550
184108
864178
102547
777347
466674
762059
459874
85522
448073
530449
222889
482505
755770
628478
547575
417381
886420
34364
181837
943375
945615
970458
421047
983850
941848
425904
60073
614111
995834
145662
888534
992495
602596
548862
781380
527040
391494
426472
842229
780540
322957
800943
772319
430219
226602
843733
79270
966758
355204
797756
795121
70633
899544
4576
475134
118507
15396
239815
354124
902756
251436
452494
585468
698146
910873
548850
671753
193344
253454
82332
442823
443574
606138
865240
375028
974295
641725
130322
912392
730361
134563
303674
27769
915965
278340
565610
530668
437661
387368
851126
508306
552552
404477
363003
843057
986076
61728
860638
436775
846027
975334
821030
94642
412639
218882
67104
377699
384764
99783
840785
353120
