663777
334136
392788
637157
457601
644211
672144
617175
184918
450528
731651
90910
149813
236537
763246
617801
930816
915485
329129
365241
215692
593622
664518
423962
827118
630531
221411
825680
515437
957215
431263
636414
483415
385295
361328
804045
644206
422578
264956
202705
725901
564291
855263
556884
273349
517409
904374
945310
952778
127178
976469
746653
862250
57807
192372
133182
857612
827208
887895
243177
534358
777045
419279
522598
905789
988460
80644
11937
975377
748185
709168
247973
217728
111636
364398
282979
538912
439633
394939
13420
475123
696259
477166
305474
31781
64496
482034
462447
119289
983234
472070
53917
438675
882327
406047
400611
529656
796648
748286
984677
458366
719719
587265
353150
396668
526060
173407
667828
772483
434225
320977
852418
155215
461740
302048
585013
941417
451925
401088
770565
303606
28665
527395
335025
211605
67575
552778
38981
553309
723835
244273
156303
621484
768935
622282
614940
735940
704732
874504
150581
710180
923258
558966
580579
946979
244227
863262
396931
861757
840700
330676
434425
696119
768381
139951
657086
51083
217493
9825
493860
51784
100735
57891
127024
43768
384997
697874
954133
731964
850296
143422
733657
316762
401887
82112
874198
817869
461833
355292
760837
326341
235863
901354
74620
861350
824395
289321
725989
545250
156710
309797
748236
555522
607885
46818
768194
973070
525955
895357
772073
596437
897214
404531
534249
209692
419970
534685
341276
370731
244421
3909
35500
947328
983334
526807
855937
964691
240654
99776
763285
313821
622763
481293
12057
657980
697933
947775
389555
232018
220049
768625
941246
577196
493887
491817
100195
40030
816101
554377
805695
990651
834215
147376
602478
197750
881566
500035
359600
97803
955899
908155
873414
693637
385244
484378
888080
631784
110323
660904
534923
237238
224404
473898
581982
154550
320092
821634
512523
628008
253033
428764
500174
154243
452328
120170
671495
142458
892566
187340
345492
722247
988910
82923
139797
507713
425175
179498
379329
207861
267733
665621
267448
563373
497767
620637
721912
8206
684667
839186
304248
710765
620056
651200
6196
770878
668605
926567
245360
362335
875417
414484
674798
548415
829932
109858
248667
771031
301380
779203
13712
282397
599956
70273
114419
153484
652394
998768
775326
96419
315015
765003
592326
149866
650383
560850
542960
687562
113789
658523
5321
284874
540860
902088
159327
725627
973578
783031
486785
23488
169049
568084
823533
136098
880413
66241
843584
724582
394310
305844
674980
685219
124536
821147
347488
86900
308169
864017
872664
438841
916277
651157
383666
565189
516151
912089
793378
312830
681520
355826
712871
862236
648539
758719
298412
453732
669499
214002
492056
488317
630351
929566
859851
159350
576749
164895
819656
364894
53571
560556
135493
228046
412710
43797
800151
639474
476669
447742
1912
448851
932797
799722
39970
789981
386729
144575
583858
422810
156302
509648
338392
679207
419974
264537
521961
840513
10604
993091
534076
704689
230523
419741
355381
948158
908089
711203
728284
648234
222883
559754
425943
626742
830324
369141
760009
140825
684954
489176
778813
244303
169206
491005
723723
937901
742196
642063
420815
887173
677914
233315
273640
430865
556273
673996
831973
672430
284347
538554
285265
66871
961170
676454
190050
254373
191492
330752
45555
643125
859395
827103
720622
270857
473620
459006
705933
18867
318017
864938
328538
709864
960576
718789
109823
579420
340404
881414
415793
910158
75001
575485
314768
59848
637729
555227
571720
268080
304062
384812
69607
425396
852565
516789
412337
451259
519199
693043
972630
487095
436267
114989
580299
11153
785244
995421
411168
36953
665717
558931
547865
154548
887422
868200
771367
682642
873038
11802
434765
494862
157778
156959
193285
426418
685961
716536
755891
576586
218464
256443
914121
828496
983927
47687
815154
847157
408210
615176
697846
544214
277010
639571
503419
260193
582564
11013
741659
806588
530269
664382
900244
642136
51141
340971
482217
688840
49651
282062
838178
98440
275501
892487
364423
683074
957164
152149
522010
304449
945473
527325
784387
771954
956139
363439
475333
85362
102916
67632
912719
735562
555131
109849
972735
194534
127864
440655
44582
442896
922436
821407
627504
780522
104621
202611
87783
814882
210712
159306
666244
314097
729800
860534
156999
385096
315907
937310
416222
321665
337240
347728
484243
409559
894636
716080
471031
373841
848490
330351
765063
125119
466764
259607
465268
992764
483371
564629
374039
510206
212234
640075
660620
556298
21167
73574
326627
170136
776713
549956
869733
64627
779712
768835
870872
403776
553455
514241
309945
873434
460828
827814
32522
33201
107256
82868
214444
32628
504939
2222
980833
433164
39454
793738
824917
311746
357568
535100
575834
223993
880162
466866
163216
803734
956733
407490
236034
877456
889808
197330
232935
412309
778120
551691
523252
240742
221164
115062
570475
691257
627778
107092
815709
569083
436601
205289
910814
717394
467637
651421
508692
876593
288740
666698
771797
302752
954854
287249
921449
778778
814393
441920
377709
715569
249646
70549
556180
410927
568290
859832
69620
635458
830405
342864
610258
783793
895840
18804
58495
957586
999930
146690
408347
207466
766782
515949
337082
125922
267056
616696
462722
524402
713425
35623
371296
245299
327322
530346
42076
911439
319300
202327
991693
933307
894573
87174
690070
530012
994903
591397
333124
176529
417152
873361
443593
485924
883200
161591
129256
640125
728851
417150
783167
375265
416911
518438
317393
251213
918030
934833
7255
360198
489719
158265
689711
94606
582618
710324
529578
603128
892117
807436
646431
307029
647530
527879
539688
323885
739065
747203
78055
187732
667222
474618
832558
484380
637406
731842
690259
673987
125619
477973
758599
353579
597403
879131
358418
548844
590958
158039
257247
6300
70161
287182
925692
957119
756735
958432
756387
339212
436413
83315
865170
523563
7637
208260
105284
314159
213965
417261
732132
572684
553225
84152
256039
922861
215112
851350
235045
392428
913403
228806
254894
121538
16660
361521
747167
827829
7059
419228
743606
490319
266412
172332
644383
841087
556622
993003
114800
100172
908626
664167
594020
616907
396392
264749
518245
427860
728944
338982
722331
597666
804663
40934
821467
538434
543575
577169
527490
852407
697174
385236
334907
468278
118663
37115
711979
732994
660825
819872
581754
147860
683274
194619
409279
502969
185946
588694
400943
155044
888520
992831
877159
871533
250703
322389
220062
76979
445225
174193
513485
632833
616350
142547
109806
670078
84625
198273
621764
659411
779015
361606
322500
700025
205858
446679
680177
408498
276099
598065
74301
669472
321351
198418
23771
978029
434537
86991
607777
378059
767865
151693
267448
573163
583212
555125
324518
940729
879211
943126
47528
715129
321905
615439
980273
789864
252937
374978
432651
866658
27432
691006
88797
340040
504489
551770
220498
339370
485898
626764
892305
766877
512551
513154
249563
341758
177119
295529
620196
960795
295272
580966
86158
158365
526004
121355
291901
775321
216306
80931
751177
566881
330477
295827
765767
704118
805453
797686
965799
165262
628666
342753
89619
380135
453031
367864
560664
193302
518654
763719
116430
248635
138744
560252
297605
965254
914935
683666
616420
66091
467059
760908
692773
700407
257207
147213
546428
109051
165876
424638
604417
566602
148936
880986
776008
988357
278697
185961
161649
84145
678244
673882
460169
800906
125776
223488
461046
764065
672811
676464
227854
948352
426804
353008
721627
416821
153286
421394
660155
494425
494430
843016
353822
783166
535085
101965
815673
938678
889780
550391
507119
22488
40811
552438
863377
4805
191841
432952
117021
256436
510035
348148
750334
494176
137700
645988
172411
279281
853139
847581
443780
7739
654269
756335
558914
48884
30843
776048
237271
643614
161216
745289
348701
481383
171559
700177
74516
213244
424264
963529
695461
245656
11159
860040
117090
252971
52964
538630
54886
775477
95682
429745
246844
447016
868747
729293
83296
651917
116732
45197
437643
579811
756277
896424
420019
371598
638070
401630
815843
727754
559145
949436
567013
333661
479117
127022
842328
671549
698771
802203
577032
386650
462743
608937
119858
112005
270731
757519
73530
218585
613520
164737
906428
440940
493785
118623
4921
190223
489406
613431
507036
935474
524686
548974
24787
36613
143901
234401
482316
275666
711859
816491
153565
241011
829690
849003
139665
712013
326641
338119
225454
168492
295273
114208
226933
825268
418865
527557
176301
148930
340750
135325
958476
57134
163249
620319
450409
854501
899078
546031
155941
852060
939448
553573
507297
657230
683130
908800
280438
816912
243051
920909
944628
546722
37060
54597
348156
875246
44996
332088
552857
795523
697614
364457
821407
621874
240643
817255
486911
85599
729266
188331
947619
620740
566886
639430
570175
760187
723233
685496
804355
270961
357869
892206
912551
537997
640900
552295
456770
255430
589236
54514
301486
117240
793944
501357
869285
128313
834368
776747
541373
971876
291791
487423
287060
729294
607140
237623
818561
526470
422685
32851
391225
77175
616176
67925
839388
921491
650901
793216
552669
592337
835469
179016
376592
767962
292620
874826
95211
160607
645968
890411
372888
642459
507675
745052
633190
455046
761290
443886
379410
582998
272839
120790
266701
259767
554479
889343
797877
36325
345459
184591
765225
286065
545203
680407
271659
467519
712895
368686
970937
360390
522311
292712
488386
96459
22343
486061
210472
184140
54186
147713
337718
60963
471564
684439
204676
459549
771005
850723
935650
719062
542169
722254
40052
566556
606980
865010
623072
686355
691400
946385
431411
803198
694268
559803
910581
124354
266596
547895
723446
471430
474093
125624
665610
129125
797440
174183
353308
1298
938318
230512
448665
621443
486091
87552
181203
320633
73045
150487
824604
748308
122716
265308
471451
631140
867646
727409
434743
704550
105288
17806
989333
506021
116432
376819
110202
760733
680397
968456
396151
992690
630971
905978
294563
99943
380428
254801
467096
769990
202232
229472
46896
459658
502358
36598
981201
487327
790686
281189
399164
876270
58610
838050
996221
943155
996930
888094
754977
918512
594254
201232
927745
140003
358440
308476
561482
930257
589314
223922
954354
123813
835287
55946
338817
430105
671757
315090
6629
947702
719973
361572
200910
649482
229755
818190
627991
901626
400495
29209
133705
670233
195901
452850
885546
717162
684550
764236
88253
692640
626692
116980
340526
590590
307838
434972
751060
446409
843761
670544
465421
357829
362265
671337
670867
140583
262928
310974
510089
865427
266854
482749
297109
339168
376964
811104
376765
38317
989297
406488
495933
372416
977735
722289
831226
940722
462924
455521
311460
204381
936655
201620
808730
177932
223045
903061
961813
439572
648441
723305
676466
734117
753010
164752
401316
558211
866333
645517
278121
598975
242963
308823
988402
900774
742171
710147
301324
50003
606738
418925
432829
304272
60026
432985
199902
51250
368212
505078
823682
594960
635047
737708
931369
178288
565175
602711
124418
877102
183632
155460
2763
614736
332973
346662
14749
806103
569790
83263
705437
699043
371530
674674
815867
775546
41372
160906
533197
793197
538327
306864
303845
237369
765050
303435
485308
119389
917614
539912
487595
992421
609633
890855
491383
953435
187982
49252
858866
46910
448702
568316
345758
934868
875465
988063
435483
874819
924786
503183
139545
179412
735975
712903
114237
793521
223311
342542
511507
499722
684756
229077
740554
440108
466810
427670
685563
304258
859649
656949
103027
882761
349488
342221
774557
434077
470712
506275
670115
313404
250518
937010
282390
44564
635400
585914
11681
535844
558625
505349
200641
345790
948271
224391
95619
754275
204128
349908
7734
877407
864389
553885
674238
606596
239738
900805
559177
655448
319304
673457
831867
945397
743863
7171
825471
540136
774660
248726
588725
522109
419210
564516
522179
690720
390242
198892
278916
319501
41493
637267
964498
576477
939871
47790
423784
524304
283642
453796
95340
920886
830004
616356
143827
677664
512896
593724
339404
799310
229606
696550
620739
360237
876899
590908
572466
824999
674745
411336
25671
695898
891045
822914
425459
595560
836482
430498
96725
575635
512790
985506
965534
858567
514262
22242
67857
327296
398247
184118
733570
221529
710000
79882
876123
445107
693740
476201
832251
966307
173497
367368
135929
243628
526714
666182
539026
368639
443982
584270
91773
295602
783553
25923
202298
127127
671503
865491
647735
689445
673868
47560
445877
479590
994590
601271
680356
278695
428765
649071
89794
469405
712357
206537
548436
628185
837783
207493
452006
74217
176821
70433
908157
269439
179545
690219
890585
34537
284667
790264
578464
230618
383516
136542
580644
411568
225866
414179
497567
438049
972956
253515
476275
227580
166330
851498
676135
251818
609611
388460
8018
214462
318592
560920
985987
141362
890659
889456
539796
494779
306563
774167
258086
647050
906107
680597
554117
809937
145407
519159
481285
88793
261047
287162
852583
744442
62188
679170
699361
901272
487341
650056
369234
166917
565626
240920
745526
859504
243647
257476
667116
310497
422665
375401
48435
662332
949749
699034
343511
573953
100147
597778
525230
651437
362425
301646
718508
650161
83317
320491
38083
29989
400993
759494
807204
739269
60646
368220
681427
111179
806202
834140
498164
158774
102621
986915
763563
744434
321787
494697
17670
861254
789280
806589
612943
690092
56303
898684
45226
194489
12863
121841
296875
791093
647902
769800
500252
451406
90959
189652
500114
194747
115024
415961
264819
1335
192990
621174
17516
891749
622907
167720
183416
736052
328229
106446
8500
8025
773172
947371
132840
610776
516887
994374
399552
596558
620707
752540
373822
513377
958822
493869
759719
212167
875789
649881
774527
422155
42366
135073
843345
578729
453212
592381
23772
360495
902787
232789
514513
803228
788582
687305
90823
883491
449803
796041
24642
792402
30769
192241
801611
576334
70428
913848
706139
129782
647255
697827
489848
394479
481958
201147
15308
628650
292663
166168
490395
336507
994390
71547
967776
386009
279967
457324
135994
888128
942590
98914
657071
804369
548762
673327
43427
18914
414584
766836
804878
51504
382523
31203
437087
857963
581774
46186
585111
130381
241627
998619
676789
367067
562190
235063
642514
738419
201382
60049
397555
630049
857806
821987
782398
50646
773393
611601
764737
846613
800792
473378
374742
571803
330049
758508
628650
858999
338906
6140
843468
742242
788811
190279
305522
514758
513054
800308
22494
805126
995391
658446
618124
615768
301470
257056
782346
20299
870615
264906
48258
511584
301781
662516
546696
357193
589804
245940
495949
507561
153240
794944
262293
346977
415722
677046
106115
79779
214889
496478
38054
183335
813089
269085
316717
619513
98218
205506
7260
196727
690052
414457
736584
203639
956811
257338
64607
760439
346939
123781
177447
274419
370695
194137
112595
630294
319678
65264
212894
73984
208458
728674
286785
58351
886896
516697
453612
666564
777699
209953
204069
53059
514995
492217
777400
396694
424243
877982
741487
376244
445146
401340
742717
1345
492762
415282
765844
498922
810944
103162
111014
52727
137237
222944
570858
94253
711988
211844
23019
847877
67722
505932
713862
736353
748185
836149
348895
524321
514998
900012
100275
493061
525255
663216
750150
990266
513844
880864
835238
778698
741435
805879
218044
256736
504877
308554
571720
196673
646677
146669
439657
957234
449315
264623
954832
43698
64950
498027
649330
294568
749964
524201
895588
198510
605344
32430
793985
828010
827753
693488
642093
578995
961881
810636
99702
943551
376947
819091
399152
106274
325138
46725
682472
32051
259321
827429
128337
110073
229194
301408
375975
778970
369818
555761
114461
738898
487096
476162
331948
698442
475928
728745
950979
861486
451166
690548
369963
501133
829178
774539
435590
4853
116153
524560
63897
183771
31009
976712
250467
966878
587662
745082
327516
31828
898580
145861
679726
114913
285349
354341
998026
762866
673111
701431
625693
618535
974002
989039
648595
321255
747306
285106
70314
558697
309819
354105
474833
405047
680169
177342
254859
80305
259244
393794
644033
122522
124268
647491
414240
240537
719729
281900
664331
506223
383048
698282
959944
501024
178952
113138
203714
17557
687689
819788
626951
459720
552600
608699
886394
780120
269661
691501
391193
944941
184950
309946
271057
766094
208229
701148
82462
292889
635903
662913
377695
55871
553223
460917
175734
571855
85739
626383
178908
691218
76123
748189
98258
906044
928777
893835
303130
511599
884997
980078
336473
457840
554695
851020
75173
427559
147868
678223
612827
770295
164952
20577
765973
703745
769036
898180
522693
363200
78107
145653
91169
321494
762692
655024
518687
626685
53376
911731
284376
333182
250557
934213
686701
773791
917718
794359
718123
412342
188921
275390
888344
457680
572372
975035
115623
642661
81818
190414
797525
129043
553921
905155
41650
169825
679631
568373
49607
617261
366678
773609
226902
156568
756621
256330
87594
688720
121783
554217
685247
402755
743226
904482
366465
207573
929341
813342
157536
94803
14415
399163
883695
422449
345247
178845
867932
485903
109550
660891
400489
560613
663812
939673
748505
745384
558932
528144
607233
849215
808109
214027
86467
496829
138453
387984
837178
281445
434556
3791
880682
707703
830330
132236
289263
15147
414230
522041
515462
237225
108152
700823
599288
25476
511819
981116
621306
54997
426704
527849
16649
721251
51706
496705
288436
320350
146525
976131
563081
947584
185764
954722
777769
462641
193533
219723
113759
157727
558536
878048
559534
13940
359890
655797
773273
265682
617795
158719
209647
554864
468340
400290
567105
590986
829359
65540
960368
836755
162791
975889
743371
596471
406786
554921
268042
654785
822870
638967
746095
827402
282004
403992
976825
104530
348394
605328
663013
945874
350685
537105
818950
197392
550214
889178
394336
972718
241751
474707
144521
865089
675101
471069
583390
326310
684447
133828
941646
25951
422017
53861
304462
333639
210664
624751
824147
923042
156441
626782
605941
790015
12343
275310
828469
611489
496587
846379
48340
395827
465396
105548
262368
767094
120586
154657
601067
335161
325519
517518
467861
415170
324789
93547
16885
713909
160189
247622
834152
455596
896150
922497
542722
39569
677229
421591
392248
95057
129228
220201
486413
209247
601978
455409
294772
393500
972967
311213
693223
196288
212755
221959
487787
752016
817831
81888
970934
210965
913589
348784
422392
426310
852824
56717
737606
434150
681154
582238
403455
974639
365471
43332
353319
3872
812644
128818
578900
518174
298105
900569
142002
847896
668864
678486
838071
269269
468214
142200
299798
167008
824211
59506
682358
985539
157876
759036
929392
502826
778070
466909
744783
693304
533061
990345
896307
545152
715955
495604
18734
212498
507160
107839
21422
543389
824457
374312
688338
217467
659009
11151
597326
312063
145689
8240
687823
832978
418174
84346
49685
246592
804647
698179
518634
914927
487941
692487
890378
357050
848047
943963
336493
716030
447164
823151
746694
909381
136223
358041
935336
479029
356165
744130
712574
170983
347607
556917
116170
724319
455984
697105
823943
232725
39077
211718
763538
694152
858141
717494
320382
59434
659052
496024
182815
453143
214900
404500
324248
878750
217080
527730
61381
208443
971247
903864
711971
645466
724044
294389
288370
776720
438925
517167
560078
680648
729059
659209
669848
175416
829993
375966
610658
582109
829106
273709
887509
863169
404326
959362
373730
197367
142675
98399
835332
520715
883394
617612
661475
269899
498070
93752
755404
195920
265486
907081
815280
408034
858901
126578
306907
591557
678188
211373
611365
688428
708235
513957
532660
221495
993054
956887
973478
689169
203059
987398
150611
385425
216622
423176
624732
865507
991909
857236
106923
625780
220716
918689
832596
13296
491032
283904
718465
52282
99099
182392
897385
577677
849297
457663
962429
618601
581594
902919
449037
857090
932722
53126
107361
310706
638231
158578
400216
676594
662993
80789
522981
701246
19132
807377
531999
200178
631553
981763
287947
6372
541296
715917
873739
336784
387554
182112
330728
381273
727857
856511
948490
156424
265942
893511
828957
871478
494659
782041
199101
925987
762102
985818
126203
439611
68422
144475
576938
84941
1028
157456
737069
760775
955107
999000
700970
800468
220438
298886
656088
750645
969372
455825
267187
151969
151706
39595
292644
200369
966445
618386
981046
929767
878692
543818
781622
114390
172878
934335
337850
130399
210014
596308
820018
972914
455625
269914
864827
942317
165947
796994
164976
831472
97259
171021
664681
251977
765319
796948
453106
693009
497619
343122
310676
321039
773382
215706
811747
581062
209280
183804
904606
608346
459249
891812
628460
470364
667625
963882
586825
515500
842716
591510
176920
405358
890905
418206
102545
822963
956791
269290
115638
467623
832029
425039
132443
159125
126308
80023
330118
654622
83808
4027
824998
17963
840334
573283
861088
521744
672999
223634
456113
623396
463116
72140
83990
172470
342486
947654
292263
695336
376937
268734
958585
731241
483276
79668
770998
660433
949752
658784
544091
808423
51183
406987
840514
500671
745441
379602
908050
270404
766520
893248
52617
577239
422514
647079
87662
311641
470604
618922
281558
331844
893181
405416
577302
283267
35283
522554
53520
166724
478225
190358
361641
33504
216440
12853
768768
540129
624258
924810
125474
782858
219605
303624
496160
251299
120076
550058
111011
238604
229272
702556
53244
756005
340000
841020
791854
458124
707238
942531
675870
377736
105569
912849
38575
297112
881775
348385
581645
596334
641006
783324
505970
218775
732420
864453
326425
120038
722700
788526
769039
319337
810188
129516
245612
741743
640913
99383
613447
982793
721980
24809
50567
906770
400791
487428
850798
222956
525139
750598
213418
604382
6735
74639
711894
204180
553042
949051
300720
736650
567959
11466
355105
772169
705244
69367
629541
110659
450513
277795
243915
182474
607990
946011
385425
965346
108050
11063
975690
163759
575595
232438
244962
401243
408912
663972
237723
13334
381847
167333
947222
463735
740093
797438
902905
732618
622906
391398
36326
436289
90482
914784
752419
178983
302476
263931
837750
311929
374989
912829
196982
441925
300087
984883
676461
833122
675624
879191
757363
847870
368795
336242
871346
319729
500667
466351
161806
457177
55878
317053
571696
553113
613281
767351
375917
438642
6291
687463
401587
155613
194768
78864
717642
29139
280078
514663
883813
818788
181499
366370
5646
468515
500545
537259
234253
533528
560059
159785
931394
471137
765806
292253
668856
466466
35755
371070
66247
533062
664439
434191
373932
299165
316051
99699
482452
51676
498408
464345
940122
129126
122560
622233
277587
452009
942734
187135
425121
709800
282045
49695
435417
240440
504806
426926
290215
705021
226883
886294
227538
160818
188302
426484
993402
12460
921633
486387
968960
679494
332157
45535
986015
276772
16857
430742
965250
415344
161890
996967
59945
955666
391235
345938
412717
569914
580445
17291
859340
967381
101586
532511
177729
518179
901524
341751
195594
192930
82112
370508
484917
160772
10475
628002
156889
930562
659262
809879
214715
774540
368183
563797
984415
212548
763457
283504
401063
653698
736740
170695
308173
173626
394126
785807
999605
535488
72380
178670
320117
425158
117189
42792
471850
480928
940187
656645
441342
895717
264600
3745
48405
431480
15629
340467
489922
144012
556679
178379
822836
633124
217089
786921
700967
241855
665469
167956
63140
444468
29050
429984
580481
568098
524856
943238
693998
287149
62471
395454
683573
584435
88269
890079
836836
893659
61380
221569
572364
769978
213758
830226
137138
793896
853855
735238
395729
931851
918218
183198
240578
819712
706546
25543
195883
348880
114861
913999
522259
461770
593227
933013
360203
512284
12973
682390
430993
819954
152456
674954
9070
280646
536124
610153
124150
705208
946363
455558
557170
32176
888337
845990
528603
899280
883434
580794
931539
305532
44841
793392
755317
915524
667962
36601
817614
871127
991368
116639
529139
872261
858959
664663
466873
823967
362675
958967
968546
203486
330650
111060
910578
587190
592246
964315
236846
806751
242503
463087
48960
926595
973642
998041
237795
276257
337498
419419
881711
818956
698506
678186
903472
646890
196324
142924
738356
254809
244868
340196
323511
667995
424024
872179
663188
764953
971412
931338
366009
756290
102969
527079
950099
462922
794207
596392
930109
3952
246878
336397
686330
732680
730979
673911
151542
338581
196154
984686
989474
194617
168679
275086
838391
352044
102539
407608
405443
817772
11113
750831
98921
131416
222717
780127
54612
646126
694638
81793
227158
527188
328781
208903
793573
689298
267192
505576
969875
596133
610994
267936
1451
291895
744186
585513
382148
817497
602148
974602
536935
83557
279644
798516
937760
661473
462520
861262
185566
80476
189092
575893
470367
860033
921995
848496
487896
317912
749442
997977
109702
862934
681540
191278
441776
327229
820480
558636
107338
230889
481586
807260
522291
855027
922242
559938
259559
425261
547660
907296
813789
340019
216883
909841
764273
169827
892770
455206
34126
232633
665225
887583
505676
692646
36138
556573
765566
477137
921341
705973
112466
744149
167918
109064
144046
163711
63317
539216
758679
833272
38488
322453
662977
865992
147969
616554
322068
304443
515843
955547
218984
839908
785790
444969
727783
971738
867556
322518
762792
517053
382947
471822
842859
365297
923838
412931
548317
727058
821619
862751
235738
985984
702203
437339
680994
246340
426791
954275
929659
493517
171519
287476
465104
326032
418842
48912
580304
50239
577423
118334
21700
363163
627627
653163
391498
47818
293725
557676
348405
917289
919324
543433
41220
499735
985515
702849
267002
661216
89321
919629
951192
13131
897258
382119
622579
440802
892852
426322
699280
571878
128901
724696
26069
862402
270221
109302
716618
95378
306748
467540
282657
340466
422344
199993
518999
558392
347678
312317
121443
896019
258346
819028
201891
645794
809264
858289
435962
541181
809277
252612
614170
768901
715169
949673
293471
57707
955203
300770
676872
595163
785953
729727
161218
550336
490662
145960
168513
419718
569280
680779
486752
231046
193437
969761
184436
513200
133712
639378
96886
276389
994474
658683
751123
101549
423480
358166
443310
270002
781568
784139
567959
54745
399403
890648
619126
552876
103730
87441
804060
511429
195188
914257
761764
302660
732509
397560
65527
832733
519674
401695
731701
335251
794108
631615
721205
953697
308154
538699
147155
883481
382801
399245
175447
196427
12933
485009
355330
756873
832090
497013
655059
122900
247834
158901
522325
787794
644576
666416
311311
839032
296072
155746
899003
503324
393630
135967
811372
798215
282798
738292
714594
252967
719356
874607
123786
668420
247339
761205
480511
621385
201646
402483
654762
991419
829766
284531
791515
339536
339725
340423
593721
305447
273959
474156
843326
45785
387364
729309
206993
91791
452540
172969
384920
433397
427676
74346
310538
357600
283529
65107
196338
907349
457195
455822
22801
165597
310501
245931
747037
402122
259055
49590
700810
52298
224261
294326
75144
897655
412065
538873
509599
380229
656824
699791
255806
879085
110988
369941
737396
28189
462294
852674
741971
387586
86690
476277
456475
156689
833041
777150
463556
369598
261810
893092
739306
636929
137614
169963
827982
159873
95814
529636
796375
945953
331356
369554
545459
321814
409680
592544
241982
849646
679809
609009
5773
730275
275115
212319
806650
160814
415961
759012
295540
103597
344417
486543
745260
289428
395394
771255
260603
438134
696766
609716
642020
85618
367940
387771
361600
216651
779624
414896
869350
676935
185821
179168
299900
536365
414983
711607
52901
670379
470692
448220
466381
986615
8127
386407
62304
52571
320227
973944
707561
328801
977770
532844
583303
232117
930903
157335
433776
738876
880173
525582
410653
853397
521211
222001
965180
100850
259731
434055
181093
744001
935425
195518
396551
837974
621188
127709
797698
598433
573937
96417
679275
960210
683854
692727
358972
300693
977628
673102
433153
208664
108359
841194
571804
83519
234926
800143
203905
730726
517582
733257
162833
787552
256534
391715
666058
503998
420309
482444
740683
570701
921572
878063
478389
426543
431366
663653
813849
200524
14451
962049
888367
909750
285656
863848
701216
680216
434989
705248
198980
390601
729973
59073
987918
371865
755383
619802
370913
72822
273237
816500
657346
799559
811071
280497
472631
501603
99267
664671
244693
104805
559473
413559
765186
443571
405475
474777
706251
658224
327676
508708
433978
798250
238892
417503
331565
236723
99210
495769
510071
166924
344648
970921
982035
292258
853327
970280
186702
477157
339636
985492
337341
255490
769984
853463
863420
383257
911143
508738
757079
219796
366379
767164
519587
918996
974793
266276
20734
153530
76010
847823
959094
827152
668128
30765
358175
35029
54253
721231
897876
986864
333565
942643
884907
571182
970663
890135
231238
977914
72
465071
840173
988661
429782
929578
693445
751116
307291
938729
367124
179363
927677
482515
995904
15963
246988
899949
753365
106056
112553
841836
729752
380506
391220
191233
280902
768912
46721
963304
463633
433970
576980
281322
340673
899030
467899
655186
524641
833704
375387
92034
731090
22401
456582
266021
360610
650634
365021
684593
427335
42347
929688
255851
547062
317739
895988
314771
274607
144558
35965
771273
108327
737601
984042
720024
566042
638000
179618
529686
379504
427078
504842
779797
88871
61533
447391
731531
502818
928396
186155
383592
614247
662716
169096
421520
868349
62906
904133
501205
571228
718748
752843
955255
738891
533363
226234
790451
238523
952879
791796
259465
230970
72692
568931
370754
953449
874016
63570
23401
389111
958455
609691
871419
907052
697302
114405
636446
248044
44744
646286
930556
422877
730301
670307
144151
439405
972230
718550
500635
645320
359415
371954
648263
835343
719231
181923
463218
176874
238796
944411
856060
190006
192382
388411
196727
495335
984176
142244
583742
137094
801105
686238
382883
50115
935762
796221
764280
645318
874634
816470
92368
19177
640265
316625
342896
569120
127762
962748
174739
448922
992752
57602
319948
434334
634566
148576
835198
676355
744599
28991
991893
808988
987113
612584
612247
319599
408922
315582
526120
947578
284941
196211
958235
53320
406938
634111
242670
396497
893926
331840
494398
230435
625194
683322
680461
274539
639965
961935
844733
621865
691401
719522
947888
759319
596647
399267
798352
961936
880337
484056
296445
679353
915337
734769
494927
533140
522408
323658
676425
150737
575963
301147
878843
581187
191650
707597
413063
243403
889153
516239
885620
979779
774966
974020
764414
907451
249060
423278
643411
412927
276610
594681
850404
602876
207487
868056
121305
243491
184094
42603
592685
930014
415292
509309
61596
423840
674436
375888
936850
310824
467205
275882
767878
48474
9649
790798
264144
95585
553521
238877
916718
143347
231738
725081
354354
303737
173224
778846
167802
931652
446364
457222
462178
882299
168187
353186
584354
657100
74752
388873
760867
661558
829226
269528
678456
122478
356159
382197
952981
63590
511864
444947
919372
551958
478937
126467
540134
549816
373006
594674
906171
551746
96956
892363
589515
443505
651463
692423
790348
465982
15256
778214
726977
933901
921189
263335
744164
387516
609874
675982
5926
330703
952996
222212
877069
202679
960421
484337
965971
528682
530617
589712
658758
976635
781334
117552
243647
531406
578406
804955
875051
741101
843651
519348
113896
265998
936276
494685
61891
722347
618832
836429
260580
93650
575975
51748
767049
810404
329615
284233
580367
885994
931632
847571
489799
942029
362396
580240
804200
27182
579285
833186
736489
390105
556143
61690
966655
858550
599950
730850
187812
461934
620
218846
573059
941974
85439
526539
787240
796647
1235
534169
136339
885567
305346
678527
897478
239917
100629
804700
953080
162916
713585
654008
3390
681828
665405
126154
678960
954394
999462
300229
396494
302643
41885
689074
19489
437037
273058
214796
832560
725906
431757
502843
569212
484499
393282
583323
360697
842254
591823
859375
867919
312868
755147
760328
606522
266257
239798
206033
221036
144796
949208
778048
132444
670727
984767
712100
832090
238318
378184
956031
999210
277909
528395
13902
654870
702273
443087
490830
980251
466764
508167
824675
818816
585061
466177
29293
82949
560914
576917
902932
934613
140996
418561
869201
198766
925444
798586
53224
100332
260815
902713
82395
556789
485566
472560
479607
798599
967763
870882
499123
898322
928261
817391
209879
336147
744502
249948
672494
911712
674671
135145
256707
793456
557435
77263
38917
823922
247468
630657
206942
61922
820037
116159
93187
857916
537061
632748
300713
520356
783525
758162
110750
236983
766736
460779
687760
539199
501918
231071
853716
409688
604801
835267
242814
473438
76063
673688
86645
404607
298724
757228
931141
69784
892618
297661
983876
691201
676140
745331
876691
408472
305039
245226
862911
327627
950106
881924
552272
490074
324677
898219
600186
3798
807011
954052
229313
181322
324184
554313
645407
164560
181902
150781
805339
519635
877341
780580
7988
219850
45989
905413
585409
315439
953712
371654
453180
669920
703276
280615
607188
840324
169446
250925
97062
910922
424274
884376
399065
326178
47837
686735
947320
399581
300016
993656
901288
520490
904907
811645
27063
220670
37017
775710
946624
147446
63826
193439
859339
68434
603135
16006
992676
902828
166239
285166
987718
165882
253404
261410
278224
823877
437052
531
711046
415512
587300
748516
195235
549218
737394
554381
554151
38257
182906
789872
107801
960231
960440
788112
342995
521007
351607
873877
185221
836280
659197
915399
290937
877478
28567
478497
624135
224186
262511
492126
179241
543515
985478
816723
788436
469824
898827
70454
98925
202008
321825
918861
634062
377462
687017
994758
594385
622306
486178
307930
326369
493565
409987
969225
700084
482055
494145
731497
944108
87057
765838
182604
982867
530769
650939
449196
190361
207007
626695
891452
58916
532967
8621
832926
228735
406780
809656
935807
241282
440615
279354
562719
223220
454394
641604
46659
841897
792593
941130
65024
75492
948237
165681
422697
805244
761323
200053
200692
537967
574238
620578
898724
599781
932973
429339
365099
98877
372480
910363
135209
620957
140901
671126
619717
707313
702712
112734
693840
199754
641091
944009
608355
68838
530826
203297
860699
553653
112660
790517
661739
401849
573883
548942
949813
614537
548910
