644416
679939
893461
159565
721832
154454
807796
450873
656768
899755
337505
793051
576646
517980
399534
360113
692757
43358
773192
760402
84887
670094
36447
245679
836091
265582
698052
768099
907019
130387
887905
599066
517656
779535
530418
587787
684537
546051
384751
511057
542930
721179
656306
506167
31874
437241
436407
967360
852921
421802
168652
641725
844149
598596
409012
613433
965703
905830
789007
568523
357333
531791
591691
491454
754259
265592
802882
664009
617382
570615
224489
779250
442134
722620
592327
821578
317457
496585
766916
226983
86543
920794
161156
654061
359373
215756
923905
721755
936336
356045
364509
594763
240196
214496
819679
637477
969089
247402
429364
771271
194830
870085
626445
407773
583855
933941
341328
172611
84897
831973
911258
442315
158095
752146
183557
488442
984022
199091
465160
702668
18885
658614
321799
403839
514666
750919
286049
814527
317682
911507
456400
636396
314383
240833
126726
836329
971823
229487
349873
266392
248577
540518
847045
669301
809058
666278
986288
342997
831302
39025
250340
954265
417242
968901
891712
583874
846604
477620
935115
560880
244152
320744
570681
133691
473695
780897
842811
626330
731525
443736
330938
435173
590499
87891
127971
874385
472304
58692
355485
492901
776309
979126
327416
976967
201851
205456
691030
234930
452052
949143
818876
816255
220585
583210
395625
317437
547790
366342
844053
956748
53676
999959
284908
515589
295251
983741
3776
641567
480467
93476
798722
107872
187450
397488
559101
554483
374254
661383
909014
887869
28123
771708
220407
957306
118631
415760
173355
281742
547222
732314
469337
921535
994979
928550
294213
416962
156289
402569
329775
230533
276893
958755
670607
385848
852737
899136
995789
562480
123416
189022
545009
153479
252924
138401
674053
321564
578647
765587
532358
981009
931750
495790
816868
718262
723901
314892
93922
494106
601296
342300
538867
764534
660491
771312
829455
339760
434533
901035
711022
762254
995768
937013
493392
923603
285675
366744
772939
708753
402152
564597
95833
505297
542861
292423
744430
484118
674233
571
774227
880522
861470
990942
896853
883874
426126
988221
873727
725131
512657
256056
218542
745946
612603
211437
840474
833717
985306
373864
886080
183152
617832
368549
777283
191935
699167
773084
635869
906875
308059
673982
42975
458485
819083
528635
520144
432459
837779
229537
139900
387246
54229
864345
636458
41074
173561
765174
275670
341188
556621
712681
667237
636822
749008
409303
128320
805132
115975
470643
740744
278799
50995
982832
872641
163145
297487
695477
823046
108343
132552
595408
650731
970527
94937
271335
426385
492681
557218
341531
63556
568013
194647
676649
34778
202951
395148
259939
221007
615825
7825
505453
26122
140017
698865
992115
805422
292635
601786
418877
172493
479920
9990
142050
724909
266375
863842
21186
470876
438981
90354
591542
238645
282637
347189
333421
88059
387119
890097
5041
897334
480468
333939
491931
804438
81206
22257
127403
190913
910153
511327
808062
733989
481726
281102
835621
160484
459340
350274
818345
826818
586492
212473
932570
813071
923782
297321
313358
424641
336709
176754
688102
585369
581427
422918
59505
260570
804613
877263
676851
818780
834278
445451
276286
628382
958837
828866
506080
119229
245913
154103
520170
568254
342671
977260
586489
599230
20736
980117
493348
60665
336826
191058
499275
231286
469969
31695
635924
634511
293560
986260
272093
290811
603101
8933
475766
896476
137723
592680
499963
804607
852014
914102
989787
430315
653715
873881
505496
599422
553485
779992
574434
858623
339813
526985
845304
987569
516717
713173
935754
13559
671342
696189
431967
737512
100018
587821
732488
724530
64573
967801
47879
141547
209361
977109
950726
911232
844898
594870
36348
167109
316653
206276
954039
46592
723387
642182
363539
22184
249816
466829
531834
792748
861705
200089
654339
778451
725201
966246
746669
255613
566838
893247
491050
918405
588204
13516
151805
533514
29063
619638
14496
606495
771340
992447
452747
655574
737577
369423
32611
15476
578502
24500
4060
491059
337684
465409
214458
878467
300596
308374
822999
891283
291625
772585
279767
607203
402611
620401
277135
694436
902356
207390
359236
671952
142842
84756
245898
514404
771466
611590
470546
59193
645026
13081
530130
550247
423678
917477
35159
161466
594195
480468
618312
581840
440898
918563
862980
253116
410688
921325
396685
404845
799488
632905
961124
216542
905222
173220
257850
423699
473296
178146
983829
336202
699487
269819
185911
63391
189356
648847
757976
855442
608131
161177
458152
46406
881885
381120
281431
314507
913985
396474
376195
687644
219214
58638
322019
404486
452060
311954
742658
586663
389664
970788
358514
654685
50670
345963
961528
917655
504738
898168
597133
28053
365865
668806
434987
92956
793164
640506
925115
303081
281713
777465
118424
567095
637069
39965
996221
680128
261137
565348
864847
575388
147857
457263
511151
883884
335049
634290
29513
523360
472132
391363
801081
121953
20488
493925
988408
163242
111532
989261
120175
696337
320957
650906
952603
381808
770309
111986
730067
218286
808553
82490
812434
693988
781823
341115
355223
718737
297304
103552
34621
387434
913974
848915
613787
414657
531866
179237
552569
871412
341828
318885
961733
900809
924452
395509
351179
941343
985981
650848
946854
437306
260567
872872
914953
95172
353692
991606
733270
603272
983428
887579
5756
966474
20252
488438
455619
367525
935506
26553
357527
759332
324712
69251
346053
499609
647374
49894
830959
980571
407758
492184
227733
415654
647473
599685
186727
942128
676987
838301
484358
764136
373757
463306
292809
564392
380781
657303
703475
458047
124935
117174
452051
496990
759780
184419
63239
394810
721348
714405
915123
435276
226524
958368
136747
169876
731952
281183
445791
934659
224718
171765
756179
768256
724112
622123
39675
631569
359327
245158
96678
682510
409406
565399
329271
415139
370665
979399
511064
489409
675319
236434
119774
218787
387740
492732
744194
794102
487201
138371
869766
564359
930461
352219
899341
794767
198753
378271
498102
631793
926496
546656
495668
182698
153953
739344
28195
560130
599662
720779
115357
623641
21044
524381
438728
350762
91893
121524
595745
126534
703185
575933
617358
484964
554809
609517
627388
404199
480087
935355
582001
425694
238760
589231
657032
722114
400323
823221
823879
582137
686135
427047
38357
315674
808328
728460
220779
808456
197738
212823
892307
680445
50510
531016
324750
379850
861969
55733
445767
152619
707071
784551
515143
74760
714664
419832
208959
862906
325933
999475
560766
82872
943539
966247
304983
698754
880383
51785
993887
911240
676531
725138
350507
837705
204592
588748
656574
188181
443249
887379
515157
491046
618045
395116
645516
641203
475454
793168
956419
664883
184974
178996
679724
765405
819865
698899
763747
709551
318667
958234
974537
628658
510551
190780
577940
837333
43572
192071
459408
80326
372047
638204
303552
962473
679850
573728
318524
108195
238121
301138
313285
180539
813154
619332
677390
949057
222218
277913
546562
741105
625661
108835
44004
177515
107431
114259
273878
470271
321963
897745
260895
943151
928663
445087
407496
944791
972889
228974
173787
411915
364562
875281
56825
255250
890511
135400
247108
213843
646094
452414
342963
88994
926154
24646
392908
968016
169236
219304
855050
807371
471215
934661
22983
832684
101132
880365
968752
511883
919326
12879
877773
378197
971530
429689
89309
827338
531558
256868
782541
105638
642872
368721
644817
678126
217054
748631
700464
284299
957624
518000
953219
370924
260461
142037
607064
790423
200803
602760
577150
465599
328520
647429
334602
531715
941721
383888
639378
648235
408809
477166
157275
56676
334901
663166
560150
666821
308518
989145
520488
812509
26027
470470
20473
112838
858500
960010
373799
762687
170876
511415
276747
892510
350251
821261
801048
912796
109824
912231
734380
626025
206844
935636
593077
973548
166699
629853
756433
50637
709830
584024
283416
316565
179461
305795
876846
634682
596020
347438
783514
628965
300826
819710
841849
243352
985398
82914
798614
176678
220264
739154
682636
583647
109117
175975
599917
549147
73879
840750
822176
870800
225214
77474
987286
305924
367197
687686
458441
42335
247529
43886
702606
619317
378242
102569
485643
381351
512530
971045
757679
306427
126073
63556
578214
222410
299043
321280
579521
887929
604812
874616
413893
840088
553286
837557
566535
98076
908467
909917
880791
684916
859030
131482
915839
982429
54666
495236
528574
517375
394690
103232
787845
946116
720689
503176
289792
131270
652044
761536
274550
798784
297862
86062
662885
288972
658008
255451
392321
929838
945945
779834
522499
772864
358677
775513
580805
462808
574041
870662
450573
350279
301584
44774
870478
443910
482439
436544
540835
794632
23606
958220
81756
929907
760795
366547
599248
265645
952108
184247
184975
413368
157104
345394
963945
871806
236027
798310
720946
673267
672669
729113
412275
737605
222347
762235
903676
213786
946721
604411
959060
35681
165228
426778
610771
33558
284546
789790
20895
736128
604640
883502
386084
778232
773915
138392
857266
795524
175660
732383
6479
349171
845395
66345
791946
852072
507788
464331
816778
837423
568713
477527
66506
43143
528743
225765
491789
703214
137091
814773
636002
218260
264572
874645
417339
725525
183276
426317
677456
890179
819190
417828
977257
839335
129494
6915
281034
250679
482774
155726
333624
418597
557924
676737
688770
718624
358379
987213
129365
614806
580654
982688
946107
237912
792829
894555
62115
882641
282132
272587
714576
532448
895296
234990
77981
948735
675231
448907
252200
912974
202978
46985
219596
489153
395430
917184
161620
760625
94655
517698
795185
960955
497304
237730
235945
318795
176445
597365
930271
352881
7197
588237
419877
406663
218373
132149
355441
130100
828292
835404
589751
101787
926674
179256
478861
485998
107442
398343
208906
735983
919809
622234
635904
76782
879064
783147
309060
476168
460194
927443
94805
106498
962692
612121
96293
628757
801174
480090
219950
177334
519912
642913
283636
443144
33527
723192
787899
903992
815172
293007
355815
750795
510265
126884
169735
522095
790618
431234
101291
534143
804451
885128
100845
728883
38369
806044
98673
633190
687742
212730
265384
991451
980503
14792
400645
262182
441979
760866
171533
902787
893913
783909
771224
232330
653285
467838
765330
408631
245272
828134
132203
619257
986366
856252
16876
623377
596330
235585
224031
691381
976072
559227
221521
672839
58323
916490
93548
703670
488526
459487
143132
662348
234623
188611
986290
140531
351717
476524
333613
845885
546937
748745
727516
290705
760618
968073
494471
272557
829696
371683
860334
707894
715973
743362
463370
729882
94114
698838
398550
121740
417947
505204
208890
331305
440959
129278
343580
701967
139065
550640
851045
986168
842022
341621
271842
930673
571457
167892
45097
395147
834100
703490
293220
708677
676163
714149
574190
218009
721404
100742
253279
484342
988763
781737
114063
82797
855436
827883
804680
838894
243184
725366
184423
120291
552193
308070
765098
379092
727133
523790
483443
513949
871188
310548
896417
275449
630312
955306
743665
287895
658505
804668
237071
863471
62109
821577
361259
770456
777559
456752
398098
232866
588742
131128
790121
550709
832192
95413
283185
810887
789136
30329
565023
983400
107170
415135
800029
789305
742271
306003
942381
21621
834203
289740
89796
777790
522783
54976
126778
631374
792128
22119
996127
95999
462527
94999
361183
522380
759849
899529
47744
361414
180430
173910
952421
445190
371603
751972
712411
817496
558435
911688
194473
596531
54825
563711
362801
431291
885426
680885
462065
878679
757466
224583
433717
997182
767125
801264
769020
907720
398730
719871
318846
910518
756842
96815
363795
408429
864910
670640
659838
818964
517647
784402
69657
759494
785458
895470
165400
867256
37001
693474
237097
406231
825560
980256
432730
878858
713103
198477
721365
279119
698484
63242
348920
571668
710687
414498
100283
335530
475364
757795
91468
181539
934166
268443
929018
322533
97221
155431
722377
792907
530611
374328
186960
83191
195059
513699
209957
188179
82376
724420
549412
418271
66179
885450
497322
577840
932021
637156
985524
532299
87711
784184
445425
115152
29116
750089
507452
340044
358673
133212
383131
741654
477123
549180
819903
779875
707125
897516
584531
353685
255333
898941
685405
112156
667396
591256
648757
11234
290393
710655
609631
257189
733852
143821
213810
83033
966433
919956
837519
7259
82775
707582
389455
899420
372170
957651
512251
11473
643295
74798
159614
784543
299926
335776
542564
12221
113171
884667
258669
694963
623622
812388
608880
149915
367023
580058
855652
103406
311191
225929
702088
799079
938026
102263
783602
529462
789384
144437
689736
709549
53377
297367
110148
132488
319932
474387
186795
788628
44372
880783
655964
33335
716510
107035
947257
18424
649854
169736
958568
634850
191273
240978
791497
234067
428032
562626
55142
937367
324375
662317
222427
76302
478620
477879
99066
342846
734768
410184
298176
240647
340676
450347
606912
832613
908934
819068
618093
16429
852007
560066
879950
298727
525454
663649
896399
729069
763484
418343
965146
926902
120817
217676
579796
765899
195171
71333
400896
795482
349983
146391
760085
120521
697657
443020
604065
806704
304039
607856
976939
613911
322410
465299
796158
14601
376278
113390
176588
8731
401136
782950
960355
382497
84234
16881
355477
341169
966584
256063
769084
860682
994073
595809
509672
798438
359599
963316
38740
432703
196082
513725
285803
248209
165688
609599
977539
606553
336399
455231
957926
317785
735199
541137
180585
634099
604881
990728
639004
630099
564257
641954
564962
30260
573452
539693
850975
19521
772501
784499
276461
301659
136198
928604
449771
522300
901610
240514
491068
212726
977571
635252
286634
613315
935175
943599
279896
31301
52613
165502
412985
972034
619722
984070
410487
540599
829436
661616
582241
142447
605107
813678
628778
412517
894052
515372
301217
909516
158402
670749
796599
368936
343071
477627
516721
129808
611198
770692
837353
766528
237584
397699
978976
750659
588848
966385
230534
629615
747905
81735
417251
803193
984918
244002
641364
204819
551877
69854
218974
764618
888867
405319
113680
506398
96274
57636
822302
741516
804798
168934
688903
821520
791459
701762
471794
968054
495066
341133
473645
903389
334145
283511
737667
288518
387751
475099
208452
256106
34084
819121
635610
9370
809024
711095
103701
428409
83138
837298
72582
504735
572335
967927
652118
121081
832632
222085
559982
845275
446712
614001
514405
468261
384735
157228
408088
880102
248461
913872
290732
104420
738817
64723
584518
785109
864291
517784
172317
675376
336220
455262
505435
25533
780734
271430
684032
213259
621631
992076
826052
271557
531429
850452
587814
494117
327527
233030
332605
672676
826861
603590
427695
675695
38725
669959
664270
320382
487195
269352
497206
452984
250137
194492
903287
495750
676294
236403
456434
846262
226311
884791
527628
362055
57561
894459
599604
10089
126367
679906
552231
631878
984786
672869
743860
377750
897274
364902
588795
851364
379667
383330
590501
9958
37123
668976
458797
147149
693593
204637
733401
993260
132958
994418
214419
229587
429293
81592
817469
577101
688457
566786
47279
642939
100594
922038
8939
236584
185842
852636
432751
717150
392345
101994
930231
973656
169530
137331
352872
531114
715808
989258
440546
620101
798846
366992
999081
34764
98863
885947
926720
399914
606026
887161
106683
49444
895798
664688
893260
293201
332810
740258
130332
677226
284326
870259
53080
414054
255228
917736
131208
194581
33911
459097
881260
780604
838774
748316
882148
6666
537779
323056
323391
645433
55504
429636
838943
701392
617765
440482
956336
130663
253389
253523
335750
770970
837011
937909
816985
854471
969043
219797
42831
524830
110207
243465
332508
301769
403310
584052
810493
670066
894018
862465
728346
19627
789852
48494
50077
249629
619771
942282
218270
176936
746565
752816
611881
370947
490031
583931
393423
917355
763447
799365
217708
420984
334684
555202
916434
464809
597418
225380
61812
15756
4860
729657
659648
799217
340391
203508
695994
364293
637809
389890
84146
480374
622736
391119
880841
472702
768162
647110
303757
6924
2521
534411
258850
377359
495773
730378
498269
991490
964542
658819
276428
389624
998773
558919
880275
460963
855806
968291
599506
669702
65351
455741
810684
68072
498262
332383
20689
354804
965126
922868
525054
326526
109919
476005
998507
687459
850186
136340
25321
284836
375982
394830
317704
947757
468081
899043
879320
646183
950825
240923
779499
591369
421603
433500
987646
170765
25969
753212
191968
10751
95286
950581
880084
281977
733271
220719
14165
726366
365298
636150
710610
707099
727042
188126
816438
861281
364647
816560
455118
603976
789342
479347
959258
93191
53557
156250
305902
971717
687324
173922
392521
206311
919254
383951
229537
988962
259452
205864
553758
625850
140845
532952
438956
801679
42452
715407
680813
586533
380940
608358
70626
76469
765364
160890
136778
641585
654626
678166
709562
702240
538430
711437
948821
757181
536678
811494
951521
459957
729947
61994
558164
448335
425493
867545
484831
845324
645681
976795
29536
718503
835033
123253
879414
827174
175239
165440
151538
592397
803471
398462
178367
903383
390435
807653
438007
44068
669604
458089
270518
155768
347530
600541
692933
629930
400443
760958
854868
149160
417981
714416
178469
802297
426782
271488
556746
201482
583133
677906
97084
149428
446432
960799
478128
146185
329595
495161
153094
924126
50422
580470
125821
550759
732907
409361
232736
441044
404300
27840
113651
551303
731418
352871
381674
243342
913555
319314
675970
595981
128483
923564
881040
615977
510915
90016
735602
321021
831362
404571
284549
911588
287520
845010
233952
261470
212840
964829
84237
386222
307676
617596
219942
740505
597632
144874
472868
991015
442824
372473
161574
190565
586427
892845
127469
463023
94897
231424
365447
193491
389517
778769
244963
461850
466551
215662
467450
92143
496512
263496
688857
473323
551608
334285
376529
306113
966542
140864
220994
538423
292256
158383
688792
442189
22307
709281
845825
659113
888394
485341
261326
395699
571363
688922
315850
286408
96190
259990
213144
878447
599328
834554
947367
112954
871301
149300
206629
202291
469940
448562
316607
327222
363248
213253
577498
862992
143716
198468
935908
593196
346040
690646
185321
781434
987635
311117
393810
259295
679016
756611
948882
252332
29763
817078
111517
495473
231496
647814
274475
37200
829233
682258
653853
838204
844290
719876
416371
743512
43800
102180
682483
403979
648178
844510
550267
401842
35608
207455
586560
420909
725621
124919
278978
466029
755582
782506
734101
382585
865746
336595
959033
932699
649448
899013
884230
131533
607063
190089
581340
297448
504825
911184
87913
441447
635436
212316
896408
282149
910057
325226
767095
410733
190729
395791
317533
302590
587504
644858
526461
545358
86247
45569
471408
313353
960582
345511
508831
542552
779277
37613
444841
404707
758796
983909
848537
719554
912208
352307
577141
780771
822447
989937
886618
171373
163909
248964
286910
30110
46533
716691
965236
682334
867751
614321
566831
208351
953626
317201
989884
546361
898582
277871
779475
663748
44947
857505
587477
427747
99026
201884
600248
599659
707419
454701
224645
184313
531173
927037
656393
832089
813272
222026
695731
6907
890266
363650
611908
741997
55913
558016
145131
159740
964266
199318
21338
922174
319190
209765
652358
303722
624196
2773
395349
756016
86659
122365
900014
503113
885153
738188
732916
504207
234468
487767
768982
894550
802632
212493
554566
400947
665753
900218
539823
372270
130077
294790
252070
644378
120149
60102
114265
694793
258401
23255
650243
204038
165320
57151
322882
390627
147681
802080
740496
950257
830956
768201
849425
627833
216085
412709
330972
410681
720935
44380
857060
24025
54444
86080
231718
175771
441371
680318
717008
784430
743941
887966
37597
221326
12473
142396
114601
188278
583292
580261
566260
669499
967140
433139
226642
922474
149152
798451
958569
981818
503136
276566
799175
531507
669338
905043
631835
916873
913001
704461
383194
33693
950802
102399
621986
557962
810412
789379
355427
470461
570112
438587
280015
494660
682371
545083
157103
433094
412415
226989
133199
832144
479078
58225
554705
587383
529364
685442
476494
794498
97181
934687
715006
811843
125615
576065
685890
897844
60783
793070
945195
333827
116659
282495
826333
684937
604581
730046
693888
162778
40767
719176
543235
18932
790285
967285
189359
772636
743564
87997
126338
413565
809602
865620
339298
901362
522832
249461
669129
399497
374868
879543
214906
917492
354399
545108
804348
298128
498146
124584
898838
204219
178299
814033
545114
298166
935918
311075
842925
311668
400863
785570
884745
732877
391061
492158
171330
821399
400539
163384
923257
778506
750475
587873
203480
740559
725937
708430
290125
969613
637963
695322
796222
722540
354061
312019
595834
638890
538666
797646
292784
761360
663530
401392
215754
209209
189990
736114
651876
840810
281078
295704
904932
706447
380437
685155
119765
255090
63790
412936
233317
740989
975053
493570
965076
587920
678140
537630
887367
434335
46388
365363
689172
471056
164498
145425
766393
28078
730302
277873
572317
547092
999967
600782
157442
119068
745974
512386
807867
615782
389315
483913
865142
193100
467253
191639
497890
151888
551273
547108
824199
254563
449546
984494
985887
579432
747392
393687
851509
606430
274184
314770
878082
468248
346660
447538
260853
293426
840607
189722
248798
29833
685735
573843
198538
887938
85908
298695
816822
726311
62631
504171
297462
474444
25418
938630
87625
852436
474525
248369
753733
511042
490745
589210
522598
299339
535376
832701
459677
515526
800085
689472
724783
929537
356423
540117
416900
471917
411068
189230
477808
717133
41566
747408
269851
587943
89619
765573
23633
215470
595093
11148
820049
637286
268595
219600
443118
424343
993263
979186
753229
100776
624163
973859
65121
691404
812356
185924
120710
488455
372588
951005
195436
63672
810096
655957
815689
687423
294705
792798
282863
459699
180125
323227
818282
807687
803742
757762
54576
381249
587542
617201
700319
598858
811043
798257
390912
857581
7945
247787
974558
602610
140126
97591
573289
408705
611201
56456
603233
480738
590396
766897
666125
435578
685151
611482
55086
376137
910572
837116
503872
966384
218665
14578
607704
752287
626027
873646
427706
696767
21201
446408
663640
928368
695282
97616
88111
808528
360386
437523
774015
453246
200294
16115
629692
522818
598585
188546
798724
738365
103186
821467
575186
631612
603083
145155
789744
26191
556276
849395
35526
680715
7221
190291
631856
631904
240175
833017
32873
125001
851253
755151
860587
915983
761353
346197
671198
497710
616450
191649
786286
923232
670242
635627
85532
387718
52396
654332
141303
895556
24988
58438
201631
977013
876855
53461
344819
330155
212538
179816
779618
870125
790013
774201
487955
569899
329271
424759
247060
635112
490169
481088
118524
948014
992916
887649
363758
105688
472492
688254
564795
40085
805000
413218
585201
461107
335064
648014
288269
236430
250679
592070
129124
667706
334199
131960
791912
674034
808331
704769
570883
478636
13824
858332
693927
14206
817124
203245
704339
744377
39834
273646
313093
711262
660336
405874
736681
603533
30569
187412
598455
535142
307924
533933
860264
900243
339796
594965
494634
146904
138732
674953
752476
250314
107357
922118
461712
17204
698706
508448
520077
406454
443110
94158
324983
485577
433549
379677
776143
582429
573641
792575
933691
199868
497022
788049
295303
602149
76779
548018
421251
854733
89936
118846
739969
327696
784084
612393
667821
677446
483700
338227
953935
572563
125439
892393
546361
778285
603464
396987
210512
272311
844912
714128
254737
897855
249880
311030
338189
340943
799954
355114
786852
42299
322304
736404
524254
