804486
17393
296644
210716
327755
349396
246032
147644
257887
699897
994755
480747
163529
672366
313002
47011
579589
598644
931850
185213
661642
880156
898254
760100
670126
637610
750307
499720
963045
523592
406636
662092
677311
565118
47529
491376
652723
671877
860976
345397
405938
598081
804927
649945
286406
532638
866363
240745
763535
137773
785174
699471
622826
189481
98799
755961
815019
882898
161905
983614
81237
549932
832575
783691
698005
790186
160927
341747
616270
946168
870788
106208
210727
962846
476328
822293
854539
373754
764335
139674
417169
674551
369931
36096
652475
577010
558069
373377
178210
831777
142144
615384
116110
695912
575355
619536
291152
906169
137809
825598
768813
381824
383598
25941
455620
722428
493808
988845
847522
523422
907785
544716
405959
650228
900532
125736
707839
251425
381669
790751
407065
553301
988359
898453
694560
77853
621548
937893
166104
286982
346172
335927
982670
370038
258874
117871
916557
619730
640499
990791
757662
901028
839102
883596
290875
63311
837915
140000
136498
873663
868565
869761
18098
222647
581066
63851
743
197253
791759
6838
583687
794215
373869
568172
522689
377346
258812
676547
87896
662435
308072
639229
49474
831763
680376
189561
699722
103904
6203
597753
621069
492250
201530
991751
212499
293116
169097
109016
365887
72274
902201
42170
501699
610768
358166
264063
170650
88822
598488
366983
248073
179360
133253
556014
619605
656562
655348
385491
592294
271749
729852
630639
462028
966489
469894
117927
573135
747359
245672
432141
508463
893022
180079
478910
181179
34172
17400
53566
78170
129893
345091
121342
486719
369858
211280
293755
677231
271849
618724
284529
836855
353138
604587
483482
899380
567281
213435
680831
569275
312287
907141
475828
987984
351055
603460
734337
225887
286458
721996
812629
833898
63980
632179
362423
148969
168113
525922
277507
891229
312456
115600
895758
469422
551575
430860
638738
712713
594590
504423
358073
531343
436386
207351
705498
45654
565876
96445
650766
309842
189766
875337
816456
244853
636730
657158
700727
563058
614784
495091
363629
82385
638091
551064
404723
68943
889636
651704
138922
805765
88522
638185
467819
702834
157542
804516
151846
733148
348037
234567
390544
808023
612102
843243
379894
224113
724516
899889
857024
771073
966550
790118
417925
174609
153144
270894
234552
983466
440788
864965
842089
858294
407200
751093
279695
96584
924780
598228
174807
89948
520529
957885
444457
393390
386444
87689
543765
202202
301516
88754
68480
70097
195728
872487
693561
951443
457928
466644
447649
57339
313108
878224
482482
105797
883272
409619
799755
926957
63388
434359
478482
628362
274390
946547
385581
703239
969069
893895
701603
213963
756712
186661
602746
596063
516954
592264
282395
253316
377749
884933
639694
487100
551487
310321
95879
696181
913300
812495
256592
457782
621045
160904
594457
372509
315796
423260
846415
532699
432209
373162
313336
194194
535542
76375
635876
911535
283937
755260
352132
235169
29844
432669
586345
799459
859221
845986
516489
500160
291064
747038
770010
524694
968399
475753
432583
609462
484188
343578
174697
244280
304982
620381
652570
71704
649446
242701
844053
276673
660056
292697
19962
652956
228085
651410
777216
190616
48713
762365
307870
70269
286358
209267
145941
743340
929704
715512
457016
819355
882770
623974
688424
949487
894865
854219
555172
443929
891288
25323
32879
788867
433115
102464
865710
857822
348041
771276
369370
605771
242717
422046
900879
327205
431476
911930
75944
82403
967335
851162
421496
716908
617052
824353
197425
591346
597655
463133
151938
702216
456622
551671
161734
829544
242821
158437
17747
367444
963738
253614
145423
818541
178646
714650
278135
867749
213961
729692
516424
684530
21618
766255
640238
621748
450940
369713
858494
309656
729113
149042
472547
799093
372686
830623
210185
559473
491147
691855
780343
270335
759749
246669
997697
349201
207903
839891
316580
243128
321010
301576
24052
661469
381314
719334
612419
800013
751212
222581
65747
990540
714153
898912
448971
149117
825182
660735
587825
968516
982504
728008
748174
476849
736572
484765
588453
737253
88163
333317
241887
526621
879036
368346
452603
564343
986221
616242
632641
714032
506586
88651
401627
634500
108293
291910
79356
934315
401572
23549
945811
82869
888426
586652
71639
566088
721845
195306
151427
886345
662083
851238
334276
70573
366902
756505
265813
786472
221393
224863
659610
173458
537550
921691
557042
475831
320361
96129
661943
278723
689517
814051
870084
763742
930110
245334
107860
281022
666380
166561
823188
829078
25821
123924
166733
206426
839602
969563
244352
699787
751641
615919
621879
742178
150853
557647
980421
95806
206298
974668
74458
240653
206398
273029
485076
358563
894717
681401
377920
800086
160471
518808
645891
252414
686596
387164
807493
412369
884915
508429
413438
578374
920612
476507
682025
220731
590309
330561
107215
383704
955977
140710
929597
551515
662034
439837
563196
384542
502590
193680
961210
803698
505299
122585
932140
259573
583966
75931
70320
570100
452884
513457
221000
552287
471154
456523
274808
282603
6923
198042
780542
394506
744451
337359
809288
802444
474905
258728
511063
729594
705942
80878
396730
946414
102431
841764
993289
808025
179075
760302
865185
37926
379764
264127
313539
134419
86072
79675
332255
470412
962944
697506
434268
960092
198214
244505
109947
215341
767073
330552
24975
594842
904342
869266
25198
750302
901310
71851
777805
762804
110337
793587
569513
897469
573177
70662
413260
345380
423744
387655
320298
584103
485473
926734
691697
979719
958419
268388
958811
997979
804154
385896
590201
481614
408798
652840
353465
527391
69245
591093
147397
260715
873280
388795
232943
906375
717096
787466
461075
951735
754103
589064
493715
896092
478409
266869
698748
904994
100029
24795
845
673442
948149
910118
200490
981011
283000
831993
435506
233788
156319
851860
405931
444774
319797
969726
251811
715174
306316
750006
563540
296866
244721
778127
664452
915758
648455
384541
770014
409159
162430
824944
603021
748275
441485
413463
491853
410230
911121
373985
148079
280464
323866
820940
660828
838752
175981
32525
673994
883036
565220
669304
27585
455970
85703
299173
3545
933558
728201
268297
242290
918714
566011
5910
870046
828659
235088
452743
700920
458911
271155
698419
611706
804351
836894
7462
673356
786769
792614
506523
849381
444052
157850
674575
231366
903621
95052
221376
252008
899918
837917
467730
415452
388353
830555
517037
412188
931268
635778
235686
309738
304078
7862
827481
708186
763802
651825
88917
644388
586633
92181
328203
78147
784364
319536
828589
93513
200796
19193
610898
20713
595026
723036
95251
427889
793784
411666
179459
3990
666366
563677
343527
425121
791744
84493
783
210590
889794
657948
395974
621963
494960
699631
761649
531286
196137
872160
601590
733886
567852
439841
68567
961173
155108
35538
916990
978708
532385
207814
223281
622111
663974
409908
906851
790320
785730
45200
42965
886687
587493
441242
697923
886705
477478
217021
712385
381144
480345
86606
40137
933634
798627
355963
351505
520198
956544
750665
542701
450368
161840
926664
963126
398201
222134
595466
93240
920114
310321
379381
837261
514878
292376
516024
361633
724186
480759
221440
945674
886196
790273
454241
990260
440998
712690
810775
612548
537775
684220
757632
187938
157310
348480
357513
107405
308747
685101
297287
806697
318343
154834
83903
27047
400491
671698
243806
469484
732709
490940
684292
436607
216243
464485
939919
754466
816078
546393
185771
226434
254899
986175
90342
684632
536472
686423
962712
91978
212272
296715
714063
391884
696515
504971
918724
618343
412215
235749
522195
617111
225102
126976
516793
206835
41325
375966
272795
48040
577065
678555
254096
361792
864972
606047
830081
238101
988780
801265
503952
678108
428626
640309
803438
367194
628408
569886
154883
797831
191424
695904
17863
974487
140206
225943
378234
426722
923110
460952
580264
195236
303086
297305
797149
426455
41635
890357
567387
305859
325442
374799
960719
218273
429405
979897
562327
581705
200533
925741
46308
114720
848981
74573
965967
739511
60823
555341
714521
791458
614359
202825
49778
810303
220124
576086
391717
137257
719185
857953
417492
968635
501753
94460
274956
548792
463261
502516
247945
200509
223063
379697
183510
755650
388603
776880
578031
307973
258081
232846
583025
502586
267765
721269
96668
580267
174843
858508
681724
150391
437900
811117
140346
994798
309739
811300
631904
804571
942322
693954
689132
508686
288232
488044
259791
53354
876545
949169
160636
92098
375256
705051
82968
870977
120513
443807
748700
182763
513284
359555
698285
152594
955085
564714
725684
138196
615183
873928
245639
271159
885751
421816
170318
292561
578125
53193
834328
808999
596888
764160
220802
539572
567121
316157
665238
828171
978657
705661
518974
78402
585828
490289
86378
712096
643988
694114
509567
74346
932928
518918
180499
464026
42502
222626
424605
835838
616293
513867
85927
852541
354969
473684
837929
478516
192705
537912
317900
510578
500509
540077
998163
782605
744026
40921
155846
259276
58803
437271
586156
985867
391665
29326
858892
865824
386232
296416
254118
491536
96556
852406
331221
232329
727414
513209
63169
537178
739060
994932
497844
817064
48600
675360
886360
574339
496932
831454
880807
98866
773861
719911
708050
288440
114174
835438
339882
890967
270497
391702
826897
136056
639341
826989
140158
102979
36338
778314
325979
567770
193558
198504
2502
285843
602514
944231
124907
892817
588693
14281
808498
992794
36959
679329
936015
888651
386260
581403
350040
670970
451386
279080
499214
48389
602340
615244
884406
25597
570100
875874
880460
434814
161674
646922
788537
825115
145778
889053
701096
709512
463534
166604
608492
444283
986524
206928
931723
495194
784050
551307
876969
459828
909408
93541
50333
149054
978193
72718
447604
301879
456774
906747
231106
951252
15155
207724
881515
8735
218075
108879
743656
68037
851047
558648
644515
441589
488603
834253
162349
771864
497679
559428
447513
687336
226432
282422
983543
173653
395315
532168
821721
520348
930596
732604
361911
357720
716710
153275
185741
870912
493846
625503
264045
380862
704820
595812
557816
657426
866248
857541
236664
332076
796786
176265
577567
59246
371704
903269
666932
829296
192902
47263
451871
337107
675858
611728
924891
736968
150110
643109
261485
465154
436063
192587
168696
908219
268537
375622
694230
837226
989926
816905
228489
327525
48653
826970
563597
745537
463442
768887
205206
966994
40273
247439
299482
75314
921972
158661
210899
749597
779732
968915
938718
953968
359659
10878
717902
500060
223975
309754
690654
802428
39319
823647
439261
869771
10781
895756
862968
32657
413739
202630
738367
428814
364602
680486
385861
495609
920559
715546
821239
